3
856 110 165
-0.315704077482 0.129559457302 -0.0824274420738 
0.344343364239 0.08825378865 -0.122137188911 
-0.315106511116 -0.08734674006699999 -0.109678015113 
-0.315141588449 0.0628834143281 0.13186712563 
-0.314666807652 -0.125042915344 0.0830040499568 
0.345266759396 -0.0803945362568 0.123540729284 
-0.314621776342 -0.136882305145 0.0891015604138 
-0.375019878149 0.00273818732239 0.158194258809 
-0.374725401402 -0.140621617436 0.034137878567 
-0.374725401402 -0.140621617436 0.034137878567 
-0.375620037317 -0.0863845795393 -0.112669028342 
-0.314621776342 -0.136882305145 0.0891015604138 
-0.375633686781 -0.0855053886771 -0.118272483349 
-0.376324266195 0.0806088596582 -0.112012565136 
-0.315114974976 0.0826194956899 -0.1165625453 
-0.314875245094 0.080899104476 -0.109753645957 
-0.376316934824 0.0805783942342 -0.10955105722 
-0.375577509403 0.142430514097 0.0146537777036 
-0.31543764472 0.134671449661 0.08311084657910001 
-0.375577509403 0.142430514097 0.0146537777036 
-0.375019878149 0.00273818732239 0.158194258809 
-0.375276774168 0.06829465925689999 0.0619687251747 
-0.374969005585 -0.0183919910342 0.0916709527373 
-0.374890357256 -0.0148411942646 0.144035577774 
-0.374696224928 -0.109159164131 0.0936284586787 
-0.374868959188 -0.0880770534277 0.0288938134909 
-0.374802231789 -0.140081465244 -0.0226449016482 
-0.374868959188 -0.0880770534277 0.0288938134909 
-0.375137329102 -0.07693702727560001 -0.0701566934586 
-0.377289652824 -0.00116929225624 -0.135977491736 
-0.376098066568 -0.0832563787699 -0.107563324273 
-0.375137329102 -0.07693702727560001 -0.0701566934586 
-0.375616014004 0.134411767125 -0.021994093433 
-0.375784486532 0.07502916455270001 -0.0695280432701 
-0.375276774168 0.06829465925689999 0.0619687251747 
-0.374835878611 -0.08339419215920001 0.0565374158323 
-0.385202080011 0.0570449344814 0.0862897485495 
-0.384417563677 -0.10951308161 -0.06973277777429999 
-0.38538518548 0.0857414230704 0.0289000701159 
-0.385337680578 0.0634487569332 0.0178495738655 
-0.385098069906 0.0112351896241 0.0674130618572 
-0.384937316179 -0.060507774353 0.0367114804685 
-0.384896606207 -0.0502845384181 0.078492410481 
-0.385151922703 -0.0377990044653 -0.0497929640114 
-0.384898096323 -0.08787667751309999 0.0121579067782 
-0.38507053256 -0.0769676715136 -0.0701403468847 
-0.385151922703 -0.0377990044653 -0.0497929640114 
-0.385362774134 0.034168433398 -0.0479184910655 
-0.385362774134 0.034168433398 -0.0479184910655 
-0.382456660271 -0.0790039822459 -0.07555419951679999 
-0.397352844477 -0.0175129454583 -0.117866449058 
-0.394190907478 -0.0678589716554 -0.192554786801 
-0.396596133709 0.015005050227 -0.103252999485 
-0.381396472454 0.07631831616159999 -0.0780548080802 
-0.394586592913 0.06541161984210001 -0.192562937737 
-0.394870340824 0.07392334938050001 -0.344437509775 
-0.394704282284 0.0179899595678 -0.344434201717 
-0.396596133709 0.015005050227 -0.103252999485 
-0.39406093955 -0.0623793676496 -0.0768955200911 
-0.375912189484 -0.075394436717 -0.104850038886 
-0.375674962997 -0.0770209133625 -0.06866597384210001 
-0.315645396709 -0.076156809926 -0.344562411308 
-0.314957499504 -0.0559786967933 -0.0949617922306 
-0.39406093955 -0.0623793676496 -0.0768955200911 
-0.394872844219 0.0754250362515 -0.34326556325 
-0.315288841724 0.0546411983669 -0.0955793559551 
-0.316091567278 0.0741572380066 -0.344571679831 
-0.314899146557 -0.0225415024906 0.113334640861 
-0.315140336752 0.0517229437828 0.103457868099 
-0.315120279789 0.053237952292 0.135739892721 
-0.314888477325 -0.107946649194 -0.0275632478297 
-0.314767837524 -0.09519210457799999 0.0678400397301 
-0.314700692892 -0.132334515452 0.0576835982502 
-0.314481407404 -0.0581120662391 -0.0926828756928 
-0.314888477325 -0.107946649194 -0.0275632478297 
-0.314880847931 -0.128682285547 -0.0480103306472 
-0.31433737278 -0.07239593565459999 -0.117073096335 
-0.315321981907 0.059349860996 -0.124763146043 
-0.315008074045 0.0475138090551 -0.0988253876567 
-0.315321981907 0.059349860996 -0.124763146043 
-0.315646737814 0.13222655654 -0.0380918122828 
-0.315524309874 0.105989471078 -0.0275768265128 
-0.315459787846 0.126729547977 0.0577668733895 
-0.31537887454 0.101188160479 0.0471895597875 
-0.315524309874 0.105989471078 -0.0275768265128 
-0.315120279789 0.053237952292 0.135739892721 
-0.315140336752 0.0517229437828 0.103457868099 
-0.31537887454 0.101188160479 0.0471895597875 
-0.390253692865 0.0517170503736 0.0403590388596 
-0.390208303928 -0.0207302942872 -0.0593652203679 
-0.390008538961 -0.0140512697399 0.0696391016245 
-0.389954894781 -0.0655703023076 0.0113497730345 
-0.390377938747 0.055844374001 -0.0254887863994 
0.41971975565 0.054121799767 0.0389804244041 
0.419904559851 0.00736289005727 0.0661019235849 
0.419600695372 0.0599984824657 -0.0207293126732 
0.419673591852 0.0136171625927 -0.0587890483439 
0.419917136431 -0.053589541465 -0.0329799726605 
0.420034855604 -0.0487927794456 0.0446654297411 
0.34450763464 0.134695380926 0.0443082042038 
0.344450205564 0.112121216953 -0.0183583628386 
0.344715058804 0.0811157599092 0.08387801796200001 
0.343809455633 0.058105353266 -0.09381025284529999 
0.344450205564 0.112121216953 -0.0183583628386 
0.344360917807 0.128681451082 -0.0491489395499 
0.343582570553 0.07238647341730001 -0.118201635778 
0.344283640385 -0.0691328793764 -0.123297020793 
0.344792217016 -0.0174643322825 -0.105042047799 
0.344395369291 -0.0825294107199 -0.0709682479501 
0.344792217016 -0.0174643322825 -0.105042047799 
0.344283640385 -0.0691328793764 -0.123297020793 
0.344283640385 -0.0691328793764 -0.123297020793 
0.345186918974 -0.134587317705 -0.0232019796968 
0.344395369291 -0.0825294107199 -0.0709682479501 
0.345186918974 -0.134587317705 -0.0232019796968 
0.345313340425 -0.122240632772 0.0696301981807 
0.345135569572 -0.109596677125 0.00376202794723 
0.345032155514 -0.00996639207006 0.1149995327 
0.34518763423 -0.0854208767414 0.07467422634360001 
0.34518134594 -0.0395683646202 0.137468621135 
0.34518134594 -0.0395683646202 0.137468621135 
0.344848245382 0.0668572187424 0.126979976892 
0.345032155514 -0.00996639207006 0.1149995327 
0.344848245382 0.0668572187424 0.126979976892 
0.344715058804 0.0811157599092 0.08387801796200001 
0.345032155514 -0.00996639207006 0.1149995327 
0.42288044095 0.081649273634 -0.34534022212 
0.344116389751 0.0761170163751 -0.345694869757 
0.344273090363 0.0569922141731 -0.09666265547279999 
0.423362523317 -0.0802745819092 -0.344391018152 
0.344612002373 -0.0581339932978 -0.09867087751630001 
0.344562649727 -0.0741969719529 -0.345685452223 
0.42288044095 0.081649273634 -0.34534022212 
0.344273090363 0.0569922141731 -0.09666265547279999 
0.405196040869 0.0498536750674 -0.0798940956593 
0.423362523317 -0.0802745819092 -0.344391018152 
0.405473172665 -0.0460313111544 -0.079477712512 
0.344612002373 -0.0581339932978 -0.09867087751630001 
0.428038775921 0.017447611317 -0.103451728821 
0.423061221838 0.0204174797982 -0.345825493336 
0.4228951931 0.0763508901 -0.345828771591 
0.423574477434 -0.0654314309359 -0.193946167827 
0.423341333866 -0.0739631354809 -0.345819681883 
0.423175811768 -0.0181887801737 -0.345822989941 
0.425485193729 -0.0150566976517 -0.116336457431 
0.41153806448 -0.076543956995 -0.0776910409331 
0.423574477434 -0.0654314309359 -0.193946167827 
0.41153806448 -0.076543956995 -0.0776910409331 
0.428038775921 0.017447611317 -0.103451728821 
0.410483300686 0.07843308895830001 -0.0811984241009 
0.41153806448 -0.076543956995 -0.0776910409331 
0.425485193729 -0.0150566976517 -0.116336457431 
0.428038775921 0.017447611317 -0.103451728821 
0.414570271969 0.08696243166919999 0.0021121406462 
0.414721369743 0.0685925632715 0.0589445866644 
0.414788872004 0.0438686944544 0.0556333959103 
0.414602637291 0.055980604142 -0.0329781323671 
0.414924681187 -0.0745928958058 -0.0715014487505 
0.414474785328 0.0769640207291 -0.0715106651187 
0.414739519358 -0.00496768951416 -0.058837402612 
0.414924561977 -0.051725987345 -0.031716004014 
0.415079474449 -0.08458162099119999 0.00212232582271 
0.41505420208 -0.0508060008287 0.0463145449758 
0.414721369743 0.0685925632715 0.0589445866644 
0.414949834347 0.00974224042147 0.0904057398438 
0.414788872004 0.0438686944544 0.0556333959103 
0.404649466276 0.0856368616223 0.0463141202927 
0.405137687922 -0.0603361018002 0.07859789580110001 
0.415063261986 -0.0241308044642 0.09801108390090001 
0.415063261986 -0.0241308044642 0.09801108390090001 
0.413777470589 0.101117923856 -0.0718504413962 
0.404649466276 0.0856368616223 0.0463141202927 
0.402848005295 0.0917166098952 -0.109464146197 
0.404610395432 0.0880865454674 0.0275560840964 
0.40458136797 0.0769336149096 -0.07149188965559999 
0.40402624011 -0.0595526881516 -0.125952884555 
0.402848005295 0.0917166098952 -0.109464146197 
0.404969483614 -0.074621245265 -0.0714842751622 
0.405245423317 -0.0666980743408 0.13062851131 
0.40522903204 -0.142117440701 -0.0104493331164 
0.405112534761 -0.0859129726887 0.0191508475691 
0.40508055687 -0.0399342700839 0.0805506855249 
0.404894411564 0.0264767445624 0.08708707243200001 
0.404610395432 0.0880865454674 0.0275560840964 
0.404794096947 0.0798634290695 0.121423833072 
0.344089359045 0.109495379031 -0.129799723625 
0.34504583478 0.0162210874259 0.158369347453 
0.404532283545 0.144593641162 0.0803085044026 
0.344089359045 0.109495379031 -0.129799723625 
0.404532283545 0.144593641162 0.0803085044026 
0.405586451292 0.08209767937659999 -0.110248580575 
0.34366813302 0.08329483121630001 -0.114517092705 
0.405100494623 0.0829284563661 -0.113341785967 
0.405375063419 -0.0831869319081 -0.119601093233 
0.345270961523 -0.145566120744 0.00837516784668 
0.405587881804 -0.0810407698154 -0.111301220953 
0.40536737442 -0.138030514121 0.07806406170129999 
0.748674929142 0.163974761963 -0.199109494686 
0.608799397945 0.106737211347 -0.133664399385 
0.74932461977 -0.0248588938266 -0.147896721959 
0.877263307571 0.0476388521492 -0.231225728989 
0.748674929142 0.163974761963 -0.199109494686 
0.74932461977 -0.0248588938266 -0.147896721959 
0.570624232292 -0.07992462068800001 -0.151991501451 
0.686686694622 -0.164060249925 -0.182103946805 
0.74932461977 -0.0248588938266 -0.147896721959 
0.748674929142 0.163974761963 -0.199109494686 
0.589636087418 0.09171234071250001 -0.149209037423 
0.608799397945 0.106737211347 -0.133664399385 
0.834722220898 -0.350020200014 -0.448659360409 
0.826708257198 0.390597611666 -0.448694139719 
0.9750938415530001 0.214639291167 -0.448935985565 
0.5929545164110001 -0.388532578945 -0.448245227337 
0.552936792374 0.489161550999 -0.448234915733 
0.165599837899 -0.333659052849 -0.447521567345 
-0.346648544073 -0.341193050146 -0.446649879217 
-0.114485785365 0.408013135195 -0.447094023228 
0.109188742936 0.38077712059 -0.447473019361 
-0.286356300116 0.524191975594 -0.446809560061 
-0.346648544073 -0.341193050146 -0.446649879217 
-0.416436076164 -0.301588177681 -0.459497600794 
-0.485052466393 0.374899119139 -0.446642398834 
-0.416436076164 -0.301588177681 -0.459497600794 
-0.595003545284 -0.00417460454628 -0.322677791119 
-0.485052466393 0.374899119139 -0.446642398834 
-0.542371511459 0.31477817893 -0.415630400181 
-0.283189088106 0.523796737194 -0.41681471467 
-0.289331138134 0.524261176586 -0.446804344654 
-0.283189088106 0.523796737194 -0.41681471467 
0.00447654724121 0.365209072828 -0.4172937572 
-0.018610496074 0.365732520819 -0.447254598141 
0.869318068027 -0.380222529173 -0.418715834618 
-0.388010561466 -0.328897744417 -0.416506409645 
-0.353022694588 -0.324105709791 -0.446640074253 
0.00447654724121 0.365209072828 -0.4172937572 
0.56179690361 0.489053040743 -0.418249815702 
0.6647941470149999 0.491727620363 -0.448425412178 
0.56179690361 0.489053040743 -0.418249815702 
0.971272885799 0.274116545916 -0.418932437897 
0.6647941470149999 0.491727620363 -0.448425412178 
0.971272885799 0.274116545916 -0.418932437897 
0.869318068027 -0.380222529173 -0.418715834618 
1.0175974369 0.120485439897 -0.449001252651 
0.755803644657 -0.396165847778 -0.419268250465 
0.503922641277 -0.332643389702 -0.130815431476 
0.0904022231698 -0.32445448637 -0.417819589376 
0.331114470959 0.399140626192 -0.142482504249 
0.7040649056429999 0.437538146973 -0.245531007648 
0.548096418381 0.485950767994 -0.41860717535 
0.7040649056429999 0.437538146973 -0.245531007648 
0.857263624668 0.340780943632 -0.252469927073 
0.865603983402 0.370305657387 -0.41893735528 
1.03135454655 0.146057888865 -0.286184370518 
0.897948682308 -0.25440081954 -0.174091905355 
0.999127805233 -0.0672067254782 -0.323328852654 
0.7040649056429999 0.437538146973 -0.245531007648 
0.331114470959 0.399140626192 -0.142482504249 
0.679892122746 0.327865064144 -0.1184547171 
0.679892122746 0.327865064144 -0.1184547171 
0.331114470959 0.399140626192 -0.142482504249 
0.627196550369 0.134423106909 -0.14182458818 
-0.00148445123341 0.363436281681 -0.417255699635 
-0.00638147816062 0.33793503046 -0.268783092499 
0.331114470959 0.399140626192 -0.142482504249 
-0.297833383083 0.450423032045 -0.224670886993 
-0.00638147816062 0.33793503046 -0.268783092499 
-0.00148445123341 0.363436281681 -0.417255699635 
-0.53562438488 0.291903674603 -0.417468100786 
-0.594170033932 0.0973539724946 -0.30925115943 
-0.49396532774 0.282895535231 -0.248394444585 
-0.53562438488 0.291903674603 -0.417468100786 
-0.49396532774 0.282895535231 -0.248394444585 
-0.297833383083 0.450423032045 -0.224670886993 
0.503922641277 -0.332643389702 -0.130815431476 
-0.0151882553473 -0.295754551888 -0.300906866789 
0.0904022231698 -0.32445448637 -0.417819589376 
-0.388770282269 -0.341450273991 -0.417733609676 
0.0904022231698 -0.32445448637 -0.417819589376 
-0.0151882553473 -0.295754551888 -0.300906866789 
-0.6072511076929999 -0.00489334110171 -0.310702651739 
-0.414456099272 -0.142722159624 -0.146539643407 
-0.470806598663 0.14416782558 -0.145747616887 
0.857431292534 0.343542784452 -0.255818784237 
0.859867691994 0.322405189276 -0.258989095688 
0.861516535282 0.352035522461 -0.416613072157 
0.969235897064 -0.241114109755 -0.414874792099 
1.01041805744 -0.07171440124510001 -0.319317519665 
0.908196866512 -0.288751512766 -0.216139823198 
0.917917311192 0.274834603071 -0.2192466259 
1.00362181664 0.0876719653606 -0.30914708972 
0.887413144112 0.362080037594 -0.414744049311 
0.862533092499 0.323032975197 -0.256439059973 
0.917917311192 0.274834603071 -0.2192466259 
0.887413144112 0.362080037594 -0.414744049311 
0.887413144112 0.362080037594 -0.414744049311 
1.00362181664 0.0876719653606 -0.30914708972 
1.01041805744 -0.07171440124510001 -0.319317519665 
0.503922641277 -0.332643389702 -0.130815431476 
0.558048248291 0.0304647814482 -0.118363797665 
0.413594424725 -0.165100738406 -0.175877228379 
0.627196550369 0.134423106909 -0.14182458818 
0.4138225317 0.164378032088 -0.197705954313 
0.413594424725 -0.165100738406 -0.175877228379 
0.413594424725 -0.165100738406 -0.175877228379 
0.168910935521 -0.156406760216 -0.286485016346 
-0.0151882553473 -0.295754551888 -0.300906866789 
-0.00638147816062 0.33793503046 -0.268783092499 
0.172409072518 0.154531598091 -0.303416788578 
0.4138225317 0.164378032088 -0.197705954313 
0.8774198889730001 -0.0125114247203 -0.215325668454 
0.724721908569 0.174474000931 -0.157399877906 
0.875426590443 0.0320658870041 -0.231912374496 
0.8774198889730001 -0.0125114247203 -0.215325668454 
0.875426590443 0.0320658870041 -0.231912374496 
0.8643831610679999 -0.0705529749393 -0.223954692483 
0.687469482422 -0.159162521362 -0.150684893131 
0.705083608627 -0.164993047714 -0.173652857542 
0.545947849751 0.044241540134 -0.145375281572 
0.724721908569 0.174474000931 -0.157399877906 
0.5603430271149999 0.000548312673345 -0.125345438719 
0.545947849751 0.044241540134 -0.145375281572 
0.8774198889730001 -0.0125114247203 -0.215325668454 
0.8643831610679999 -0.0705529749393 -0.223954692483 
0.705083608627 -0.164993047714 -0.173652857542 
-0.414456099272 -0.142722159624 -0.146539643407 
-0.460984408855 -0.143811255693 0.107277944684 
-0.471810281277 0.133226901293 0.107582658529 
-0.594170033932 0.0973539724946 -0.30925115943 
-0.470806598663 0.14416782558 -0.145747616887 
-0.49396532774 0.282895535231 -0.248394444585 
-0.470806598663 0.14416782558 -0.145747616887 
-0.471141576767 0.13535758853 0.09980972111230001 
-0.413716048002 0.127772644162 0.199223190546 
-0.471810281277 0.133226901293 0.107582658529 
-0.471141576767 0.13535758853 0.09980972111230001 
-0.470806598663 0.14416782558 -0.145747616887 
-0.00638147816062 0.33793503046 -0.268783092499 
-0.297833383083 0.450423032045 -0.224670886993 
-0.49396532774 0.282895535231 -0.248394444585 
0.168910935521 -0.156406760216 -0.286485016346 
0.08776267617940001 -0.152477964759 -0.326840162277 
-0.0151882553473 -0.295754551888 -0.300906866789 
-0.00638147816062 0.33793503046 -0.268783092499 
0.0622675605118 0.151126340032 -0.315308183432 
0.172409072518 0.154531598091 -0.303416788578 
-0.471141576767 0.13535758853 0.09980972111230001 
-0.460984408855 -0.143811255693 0.107277944684 
-0.413490623236 -0.126045316458 0.197609901428 
-0.471141576767 0.13535758853 0.09980972111230001 
-0.413490623236 -0.126045316458 0.197609901428 
-0.413716048002 0.127772644162 0.199223190546 
-0.460984408855 -0.143811255693 0.107277944684 
-0.414456099272 -0.142722159624 -0.146539643407 
-0.423195302486 -0.121465221047 0.12209597975 
-0.168005675077 0.113498859107 -0.270569503307 
0.0622675605118 0.151126340032 -0.315308183432 
-0.00638147816062 0.33793503046 -0.268783092499 
0.0622675605118 0.151126340032 -0.315308183432 
-0.173486843705 -0.00204844004475 -0.290577948093 
0.0628167316318 0.00228145485744 -0.317405700684 
-0.237166136503 -0.13159571588 -0.28046387434 
-0.405341267586 -0.295915931463 -0.270098954439 
-0.0151882553473 -0.295754551888 -0.300906866789 
-0.237166136503 -0.13159571588 -0.28046387434 
-0.414456099272 -0.142722159624 -0.146539643407 
-0.405341267586 -0.295915931463 -0.270098954439 
-0.237166136503 -0.13159571588 -0.28046387434 
-0.334418863058 -0.127991333604 -0.140325918794 
-0.413425296545 -0.123922437429 -0.146836280823 
0.08776267617940001 -0.152477964759 -0.326840162277 
0.09030131995680001 -0.124661698937 -0.350035816431 
-0.0151882553473 -0.295754551888 -0.300906866789 
-0.168005675077 0.113498859107 -0.270569503307 
-0.411864608526 0.132443726063 -0.126521751285 
-0.28248038888 0.11342292279 -0.148240506649 
-0.49396532774 0.282895535231 -0.248394444585 
-0.470806598663 0.14416782558 -0.145747616887 
-0.411864608526 0.132443726063 -0.126521751285 
-0.413328438997 -0.128996297717 -0.154694855213 
-0.414100557566 0.131091445684 -0.154710531235 
-0.399592012167 0.129803270102 0.196115225554 
-0.0656668096781 0.000327816000208 -0.321735084057 
-0.0657017529011 0.000632395735011 -0.341735541821 
0.0627997145057 0.00228076823987 -0.327405691147 
0.0853353664279 -0.124580658972 -0.339727729559 
-0.0352170914412 -0.125096589327 -0.361407399178 
-0.215219944715 -0.125628203154 -0.343082815409 
-0.218160703778 -0.125635683537 -0.322309792042 
-0.215219944715 -0.125628203154 -0.343082815409 
-0.34009718895 -0.125494629145 -0.154843896627 
1.03135454655 0.146057888865 -0.286184370518 
0.857224702835 0.08943084627389999 -0.19638183713 
0.887683093548 -0.0272514335811 -0.200509026647 
0.627196550369 0.134423106909 -0.14182458818 
0.7491497397420001 0.159478992224 -0.168735086918 
0.923207163811 0.259164512157 -0.193501010537 
0.7491497397420001 0.159478992224 -0.168735086918 
0.857224702835 0.08943084627389999 -0.19638183713 
1.03135454655 0.146057888865 -0.286184370518 
0.923207163811 0.259164512157 -0.193501010537 
0.7491497397420001 0.159478992224 -0.168735086918 
1.03135454655 0.146057888865 -0.286184370518 
0.778280675411 -0.152491033077 -0.197058558464 
0.606479525566 -0.121693223715 -0.17661498487 
0.503922641277 -0.332643389702 -0.130815431476 
0.887683093548 -0.0272514335811 -0.200509026647 
0.778280675411 -0.152491033077 -0.197058558464 
0.897948682308 -0.25440081954 -0.174091905355 
0.627196550369 0.134423106909 -0.14182458818 
0.331114470959 0.399140626192 -0.142482504249 
0.4138225317 0.164378032088 -0.197705954313 
0.482785910368 0.235219091177 -0.343876302242 
-0.46665418148 0.235219091177 -0.343876302242 
-0.46665418148 -0.205740883946 -0.343876302242 
0.344748109579 -0.07418979704379999 -0.236627802253 
0.344721406698 -0.0651709362864 -0.0966284126043 
0.344328671694 0.0671053677797 -0.09663636237379999 
-0.282106995583 0.112105101347 -0.169189482927 
-0.339526385069 -0.125986203551 -0.159750401974 
-0.212206795812 -0.125619396567 -0.343030393124 
0.412232667208 -0.165478438139 -0.198684692383 
0.411656022072 0.167067348957 -0.199649646878 
0.170639798045 0.165997192264 -0.30577608943 
1.00962984562 -0.07193458080289999 -0.319271087646 
0.905348718166 -0.286798685789 -0.216941520572 
0.934669554234 -0.278620481491 -0.414814054966 
0.862533569336 0.323033750057 -0.256441801786 
0.917917132378 0.274834752083 -0.219246864319 
1.02154016495 0.118758238852 -0.414985597134 
0.905348718166 -0.286798685789 -0.216941520572 
0.767941296101 -0.365577697754 -0.282231122255 
0.934669554234 -0.278620481491 -0.414814054966 
1.02154016495 0.118758238852 -0.414985597134 
0.917917132378 0.274834752083 -0.219246864319 
1.00358307362 0.0878536999226 -0.309080511332 
0.910811662674 -0.296171873808 -0.417576909065 
0.929678559303 -0.297525644302 -0.41723844409 
0.765264749527 -0.362145364285 -0.415661603212 
1.012119174 -0.0881377011538 -0.315330803394 
1.00821602345 0.0828546062112 -0.385880738497 
0.991886854172 0.157563999295 -0.282096713781 
0.772920429707 -0.380094051361 -0.416818261147 
0.929678559303 -0.297525644302 -0.41723844409 
0.918239116669 -0.295658558607 -0.212314605713 
1.01219546795 -0.0621779225767 -0.413156121969 
1.012119174 -0.0881377011538 -0.315330803394 
0.918239116669 -0.295658558607 -0.212314605713 
-0.315704077482 0.129559457302 -0.0824274420738 
-0.315141588449 0.0628834143281 0.13186712563 
0.344654649496 0.11167602241 0.0950170680881 
-0.314666807652 -0.125042915344 0.0830040499568 
-0.315106511116 -0.08734674006699999 -0.109678015113 
0.345093071461 -0.125651434064 -0.0613873675466 
-0.314621776342 -0.136882305145 0.0891015604138 
-0.31543764472 0.134671449661 0.08311084657910001 
-0.375019878149 0.00273818732239 0.158194258809 
-0.314407885075 -0.0831780806184 -0.110076270998 
-0.314621776342 -0.136882305145 0.0891015604138 
-0.375620037317 -0.0863845795393 -0.112669028342 
-0.315114974976 0.0826194956899 -0.1165625453 
-0.314410626888 -0.0833044424653 -0.113386683166 
-0.375633686781 -0.0855053886771 -0.118272483349 
-0.31543764472 0.134671449661 0.08311084657910001 
-0.314875245094 0.080899104476 -0.109753645957 
-0.375577509403 0.142430514097 0.0146537777036 
-0.375342667103 0.110142171383 0.09630763530729999 
-0.374802231789 -0.140081465244 -0.0226449016482 
-0.374802231789 -0.140081465244 -0.0226449016482 
-0.375137329102 -0.07693702727560001 -0.0701566934586 
-0.376098066568 -0.0832563787699 -0.107563324273 
-0.375784486532 0.07502916455270001 -0.0695280432701 
-0.377289652824 -0.00116929225624 -0.135977491736 
-0.375137329102 -0.07693702727560001 -0.0701566934586 
-0.376443713903 0.0905654877424 -0.100044094026 
-0.377289652824 -0.00116929225624 -0.135977491736 
-0.375784486532 0.07502916455270001 -0.0695280432701 
-0.376443713903 0.0905654877424 -0.100044094026 
-0.375784486532 0.07502916455270001 -0.0695280432701 
-0.375616014004 0.134411767125 -0.021994093433 
-0.375616014004 0.134411767125 -0.021994093433 
-0.375168025494 0.0436047725379 0.0828312113881 
-0.385202080011 0.0570449344814 0.0862897485495 
-0.374835878611 -0.08339419215920001 0.0565374158323 
-0.378664761782 0.081092864275 -0.07019559293990001 
-0.385202080011 0.0570449344814 0.0862897485495 
-0.375168025494 0.0436047725379 0.0828312113881 
-0.38510081172 0.0241315830499 0.08843112736939999 
-0.385098069906 0.0112351896241 0.0674130618572 
-0.384896606207 -0.0502845384181 0.078492410481 
-0.384937316179 -0.060507774353 0.0367114804685 
-0.38507053256 -0.0769676715136 -0.0701403468847 
-0.385520398617 0.07458927482369999 -0.0701495856047 
-0.38507053256 -0.0769676715136 -0.0701403468847 
-0.385362774134 0.034168433398 -0.0479184910655 
-0.397352844477 -0.0175129454583 -0.117866449058 
-0.382456660271 -0.0790039822459 -0.07555419951679999 
-0.396596133709 0.015005050227 -0.103252999485 
-0.382456660271 -0.0790039822459 -0.07555419951679999 
-0.381396472454 0.07631831616159999 -0.0780548080802 
-0.396596133709 0.015005050227 -0.103252999485 
-0.396596133709 0.015005050227 -0.103252999485 
-0.415308177471 -0.00129503430799 -0.344397872686 
-0.397352844477 -0.0175129454583 -0.117866449058 
-0.397352844477 -0.0175129454583 -0.117866449058 
-0.394589692354 -0.0206163004041 -0.344431817532 
-0.394190907478 -0.0678589716554 -0.192554786801 
-0.394589692354 -0.0206163004041 -0.344431817532 
-0.394424170256 -0.0763906463981 -0.344428360462 
-0.394190907478 -0.0678589716554 -0.192554786801 
-0.396596133709 0.015005050227 -0.103252999485 
-0.394586592913 0.06541161984210001 -0.192562937737 
-0.394870340824 0.07392334938050001 -0.344437509775 
-0.394872844219 0.0754250362515 -0.34326556325 
-0.393846958876 0.07704055309299999 -0.07308784127240001 
-0.376103073359 0.0468053407967 -0.0783663764596 
-0.315288841724 0.0546411983669 -0.0955793559551 
-0.394872844219 0.0754250362515 -0.34326556325 
-0.376103073359 0.0468053407967 -0.0783663764596 
-0.39406093955 -0.0623793676496 -0.0768955200911 
-0.314957499504 -0.0559786967933 -0.0949617922306 
-0.375912189484 -0.075394436717 -0.104850038886 
-0.394424110651 -0.0763906240463 -0.344428390265 
-0.315645396709 -0.076156809926 -0.344562411308 
-0.39406093955 -0.0623793676496 -0.0768955200911 
-0.315120279789 0.053237952292 0.135739892721 
-0.314791530371 -0.0563696287572 0.131755709648 
-0.314899146557 -0.0225415024906 0.113334640861 
-0.314899146557 -0.0225415024906 0.113334640861 
-0.314791530371 -0.0563696287572 0.131755709648 
-0.314767837524 -0.09519210457799999 0.0678400397301 
-0.314791530371 -0.0563696287572 0.131755709648 
-0.314700692892 -0.132334515452 0.0576835982502 
-0.314767837524 -0.09519210457799999 0.0678400397301 
-0.314700692892 -0.132334515452 0.0576835982502 
-0.314880847931 -0.128682285547 -0.0480103306472 
-0.314888477325 -0.107946649194 -0.0275632478297 
-0.31433737278 -0.07239593565459999 -0.117073096335 
-0.314481407404 -0.0581120662391 -0.0926828756928 
-0.314880847931 -0.128682285547 -0.0480103306472 
-0.314481407404 -0.0581120662391 -0.0926828756928 
-0.31433737278 -0.07239593565459999 -0.117073096335 
-0.315008074045 0.0475138090551 -0.0988253876567 
-0.315008074045 0.0475138090551 -0.0988253876567 
-0.315321981907 0.059349860996 -0.124763146043 
-0.315524309874 0.105989471078 -0.0275768265128 
-0.315646737814 0.13222655654 -0.0380918122828 
-0.315459787846 0.126729547977 0.0577668733895 
-0.315524309874 0.105989471078 -0.0275768265128 
-0.315459787846 0.126729547977 0.0577668733895 
-0.315120279789 0.053237952292 0.135739892721 
-0.31537887454 0.101188160479 0.0471895597875 
-0.390025734901 -0.001193968812 0.08196473866700001 
-0.385235309601 0.0522572472692 0.0584320835769 
-0.387728124857 0.0220887567848 -0.06299648433920001 
-0.387300014496 -0.0709011480212 -0.00151003838982 
-0.385235309601 0.0522572472692 0.0584320835769 
-0.390025734901 -0.001193968812 0.08196473866700001 
0.34450763464 0.134695380926 0.0443082042038 
0.344715058804 0.0811157599092 0.08387801796200001 
0.344848245382 0.0668572187424 0.126979976892 
0.34450763464 0.134695380926 0.0443082042038 
0.344360917807 0.128681451082 -0.0491489395499 
0.344450205564 0.112121216953 -0.0183583628386 
0.343582570553 0.07238647341730001 -0.118201635778 
0.343809455633 0.058105353266 -0.09381025284529999 
0.344360917807 0.128681451082 -0.0491489395499 
0.343809455633 0.058105353266 -0.09381025284529999 
0.343582570553 0.07238647341730001 -0.118201635778 
0.344792217016 -0.0174643322825 -0.105042047799 
0.344395369291 -0.0825294107199 -0.0709682479501 
0.345186918974 -0.134587317705 -0.0232019796968 
0.345135569572 -0.109596677125 0.00376202794723 
0.345135569572 -0.109596677125 0.00376202794723 
0.345313340425 -0.122240632772 0.0696301981807 
0.34518763423 -0.0854208767414 0.07467422634360001 
0.345313340425 -0.122240632772 0.0696301981807 
0.34518134594 -0.0395683646202 0.137468621135 
0.34518763423 -0.0854208767414 0.07467422634360001 
0.42288044095 0.081649273634 -0.34534022212 
0.405196040869 0.0498536750674 -0.0798940956593 
0.422776669264 0.0794649794698 -0.0744772925973 
0.423362523317 -0.0802745819092 -0.344391018152 
0.423241257668 -0.07704451680179999 -0.07446780055759999 
0.405473172665 -0.0460313111544 -0.079477712512 
0.423178821802 0.0678392276168 -0.19395428896 
0.428038775921 0.017447611317 -0.103451728821 
0.4228951931 0.0763508901 -0.345828771591 
0.425485193729 -0.0150566976517 -0.116336457431 
0.423574477434 -0.0654314309359 -0.193946167827 
0.423175811768 -0.0181887801737 -0.345822989941 
0.410483300686 0.07843308895830001 -0.0811984241009 
0.428038775921 0.017447611317 -0.103451728821 
0.423178821802 0.0678392276168 -0.19395428896 
0.425485193729 -0.0150566976517 -0.116336457431 
0.443776875734 0.00125516601838 -0.345859408379 
0.428038775921 0.017447611317 -0.103451728821 
0.414570271969 0.08696243166919999 0.0021121406462 
0.415119111538 -0.0613050460815 0.0661395639181 
0.414949834347 0.00974224042147 0.0904057398438 
0.414788872004 0.0438686944544 0.0556333959103 
0.414949834347 0.00974224042147 0.0904057398438 
0.41505420208 -0.0508060008287 0.0463145449758 
0.415063261986 -0.0241308044642 0.09801108390090001 
0.405137687922 -0.0603361018002 0.07859789580110001 
0.41136264801 -0.0777595415711 -0.07148133963349999 
0.404437959194 0.140215545893 0.0173407364637 
0.404437959194 0.140215545893 0.0173407364637 
0.404610395432 0.0880865454674 0.0275560840964 
0.402848005295 0.0917166098952 -0.109464146197 
0.404969483614 -0.074621245265 -0.0714842751622 
0.402848005295 0.0917166098952 -0.109464146197 
0.40458136797 0.0769336149096 -0.07149188965559999 
0.40522903204 -0.142117440701 -0.0104493331164 
0.40402624011 -0.0595526881516 -0.125952884555 
0.404969483614 -0.074621245265 -0.0714842751622 
0.405112534761 -0.0859129726887 0.0191508475691 
0.40522903204 -0.142117440701 -0.0104493331164 
0.404969483614 -0.074621245265 -0.0714842751622 
0.344361722469 -0.0826294869184 -0.117673404515 
0.34366813302 0.08329483121630001 -0.114517092705 
0.405375063419 -0.0831869319081 -0.119601093233 
0.345270961523 -0.145566120744 0.00837516784668 
0.343681663275 -0.0799692496657 -0.110132783651 
0.405587881804 -0.0810407698154 -0.111301220953 
0.34504583478 0.0162210874259 0.158369347453 
0.345270961523 -0.145566120744 0.00837516784668 
0.40536737442 -0.138030514121 0.07806406170129999 
0.404532283545 0.144593641162 0.0803085044026 
0.34504583478 0.0162210874259 0.158369347453 
0.40536737442 -0.138030514121 0.07806406170129999 
0.344654649496 0.11167602241 0.0950170680881 
-0.315141588449 0.0628834143281 0.13186712563 
0.345266759396 -0.0803945362568 0.123540729284 
0.345093071461 -0.125651434064 -0.0613873675466 
0.345266759396 -0.0803945362568 0.123540729284 
-0.314666807652 -0.125042915344 0.0830040499568 
0.344343364239 0.08825378865 -0.122137188911 
0.345093071461 -0.125651434064 -0.0613873675466 
-0.315106511116 -0.08734674006699999 -0.109678015113 
0.344654649496 0.11167602241 0.0950170680881 
0.344343364239 0.08825378865 -0.122137188911 
-0.315704077482 0.129559457302 -0.0824274420738 
0.828492999077 -0.120934903622 -0.217705383897 
0.877263307571 0.0476388521492 -0.231225728989 
0.74932461977 -0.0248588938266 -0.147896721959 
0.686686694622 -0.164060249925 -0.182103946805 
0.828492999077 -0.120934903622 -0.217705383897 
0.74932461977 -0.0248588938266 -0.147896721959 
0.608799397945 0.106737211347 -0.133664399385 
0.570624232292 -0.07992462068800001 -0.151991501451 
0.74932461977 -0.0248588938266 -0.147896721959 
0.608799397945 0.106737211347 -0.133664399385 
0.589636087418 0.09171234071250001 -0.149209037423 
0.570624232292 -0.07992462068800001 -0.151991501451 
1.01630997658 -0.0624610595405 -0.448987811804 
0.957974016666 -0.244987562299 -0.448876559734 
-0.286356300116 0.524191975594 -0.446809560061 
-0.346648544073 -0.341193050146 -0.446649879217 
-0.485052466393 0.374899119139 -0.446642398834 
-0.353022694588 -0.324105709791 -0.446640074253 
-0.388010561466 -0.328897744417 -0.416506409645 
-0.493234157562 -0.189602196217 -0.437444448471 
-0.478329062462 0.381075114012 -0.446497172117 
-0.542371511459 0.31477817893 -0.415630400181 
-0.289331138134 0.524261176586 -0.446804344654 
-0.289331138134 0.524261176586 -0.446804344654 
-0.283189088106 0.523796737194 -0.41681471467 
-0.018610496074 0.365732520819 -0.447254598141 
-0.353022694588 -0.324105709791 -0.446640074253 
0.854386508465 -0.378417313099 -0.448690623045 
0.869318068027 -0.380222529173 -0.418715834618 
-0.018610496074 0.365732520819 -0.447254598141 
0.00447654724121 0.365209072828 -0.4172937572 
0.6647941470149999 0.491727620363 -0.448425412178 
1.0175974369 0.120485439897 -0.449001252651 
0.6647941470149999 0.491727620363 -0.448425412178 
0.971272885799 0.274116545916 -0.418932437897 
1.0175974369 0.120485439897 -0.449001252651 
0.869318068027 -0.380222529173 -0.418715834618 
0.854386508465 -0.378417313099 -0.448690623045 
-0.388770282269 -0.341450273991 -0.417733609676 
-0.6072511076929999 -0.00489334110171 -0.310702651739 
-0.520369529724 -0.137587279081 -0.415667653084 
-0.296125203371 0.525960206985 -0.417103528976 
-0.297833383083 0.450423032045 -0.224670886993 
-0.00148445123341 0.363436281681 -0.417255699635 
0.548096418381 0.485950767994 -0.41860717535 
-0.00148445123341 0.363436281681 -0.417255699635 
0.331114470959 0.399140626192 -0.142482504249 
0.548096418381 0.485950767994 -0.41860717535 
0.7040649056429999 0.437538146973 -0.245531007648 
0.865603983402 0.370305657387 -0.41893735528 
0.679892122746 0.327865064144 -0.1184547171 
0.923207163811 0.259164512157 -0.193501010537 
0.7040649056429999 0.437538146973 -0.245531007648 
0.857263624668 0.340780943632 -0.252469927073 
0.7040649056429999 0.437538146973 -0.245531007648 
0.923207163811 0.259164512157 -0.193501010537 
-0.485052466393 0.374899119139 -0.446642398834 
-0.595003545284 -0.00417460454628 -0.322677791119 
-0.577004551888 0.0924818813801 -0.313696593046 
-0.296125203371 0.525960206985 -0.417103528976 
-0.53562438488 0.291903674603 -0.417468100786 
-0.297833383083 0.450423032045 -0.224670886993 
-0.388770282269 -0.341450273991 -0.417733609676 
-0.405341267586 -0.295915931463 -0.270098954439 
-0.6072511076929999 -0.00489334110171 -0.310702651739 
0.755803644657 -0.396165847778 -0.419268250465 
0.757966160774 -0.364721298218 -0.280104368925 
0.503922641277 -0.332643389702 -0.130815431476 
0.999127805233 -0.0672067254782 -0.323328852654 
0.897948682308 -0.25440081954 -0.174091905355 
0.89692658186 -0.299220263958 -0.209608763456 
0.503922641277 -0.332643389702 -0.130815431476 
0.757966160774 -0.364721298218 -0.280104368925 
0.897948682308 -0.25440081954 -0.174091905355 
-0.405341267586 -0.295915931463 -0.270098954439 
-0.388770282269 -0.341450273991 -0.417733609676 
-0.0151882553473 -0.295754551888 -0.300906866789 
0.89692658186 -0.299220263958 -0.209608763456 
0.897948682308 -0.25440081954 -0.174091905355 
0.757966160774 -0.364721298218 -0.280104368925 
-0.594170033932 0.0973539724946 -0.30925115943 
-0.6072511076929999 -0.00489334110171 -0.310702651739 
-0.470806598663 0.14416782558 -0.145747616887 
-0.6072511076929999 -0.00489334110171 -0.310702651739 
-0.405341267586 -0.295915931463 -0.270098954439 
-0.414456099272 -0.142722159624 -0.146539643407 
0.857431292534 0.343542784452 -0.255818784237 
0.954213559628 0.222163692117 -0.238754272461 
0.859867691994 0.322405189276 -0.258989095688 
0.969235897064 -0.241114109755 -0.414874792099 
0.908196866512 -0.288751512766 -0.216139823198 
0.769631206989 -0.36512067914 -0.28066650033 
0.969235897064 -0.241114109755 -0.414874792099 
0.769631206989 -0.36512067914 -0.28066650033 
0.7625916600230001 -0.357879310846 -0.414515763521 
0.969235897064 -0.241114109755 -0.414874792099 
0.887413144112 0.362080037594 -0.414744049311 
1.01041805744 -0.07171440124510001 -0.319317519665 
0.503922641277 -0.332643389702 -0.130815431476 
0.606479525566 -0.121693223715 -0.17661498487 
0.558048248291 0.0304647814482 -0.118363797665 
0.558048248291 0.0304647814482 -0.118363797665 
0.627196550369 0.134423106909 -0.14182458818 
0.413594424725 -0.165100738406 -0.175877228379 
0.503922641277 -0.332643389702 -0.130815431476 
0.413594424725 -0.165100738406 -0.175877228379 
-0.0151882553473 -0.295754551888 -0.300906866789 
0.331114470959 0.399140626192 -0.142482504249 
-0.00638147816062 0.33793503046 -0.268783092499 
0.4138225317 0.164378032088 -0.197705954313 
0.750924527645 0.158523306251 -0.183018267155 
0.724721908569 0.174474000931 -0.157399877906 
0.545947849751 0.044241540134 -0.145375281572 
0.875426590443 0.0320658870041 -0.231912374496 
0.724721908569 0.174474000931 -0.157399877906 
0.750924527645 0.158523306251 -0.183018267155 
0.5603430271149999 0.000548312673345 -0.125345438719 
0.687469482422 -0.159162521362 -0.150684893131 
0.545947849751 0.044241540134 -0.145375281572 
0.687469482422 -0.159162521362 -0.150684893131 
0.8774198889730001 -0.0125114247203 -0.215325668454 
0.705083608627 -0.164993047714 -0.173652857542 
-0.470806598663 0.14416782558 -0.145747616887 
-0.414456099272 -0.142722159624 -0.146539643407 
-0.471810281277 0.133226901293 0.107582658529 
-0.414110660553 0.138558551669 -0.148044377565 
-0.470806598663 0.14416782558 -0.145747616887 
-0.413716048002 0.127772644162 0.199223190546 
-0.168005675077 0.113498859107 -0.270569503307 
-0.00638147816062 0.33793503046 -0.268783092499 
-0.49396532774 0.282895535231 -0.248394444585 
0.0622675605118 0.151126340032 -0.315308183432 
-0.168005675077 0.113498859107 -0.270569503307 
-0.173486843705 -0.00204844004475 -0.290577948093 
0.09030131995680001 -0.124661698937 -0.350035816431 
-0.237166136503 -0.13159571588 -0.28046387434 
-0.0151882553473 -0.295754551888 -0.300906866789 
-0.411864608526 0.132443726063 -0.126521751285 
-0.168005675077 0.113498859107 -0.270569503307 
-0.49396532774 0.282895535231 -0.248394444585 
-0.395871549845 -0.135280415416 0.186893999577 
-0.413328438997 -0.128996297717 -0.154694855213 
-0.399592012167 0.129803270102 0.196115225554 
-0.218160703778 -0.125635683537 -0.322309792042 
0.0853353664279 -0.124580658972 -0.339727729559 
-0.215219944715 -0.125628203154 -0.343082815409 
-0.0657017529011 0.000632395735011 -0.341735541821 
-0.0656668096781 0.000327816000208 -0.321735084057 
-0.168484583497 -0.001097110915 -0.28885152936 
0.897948682308 -0.25440081954 -0.174091905355 
1.03135454655 0.146057888865 -0.286184370518 
0.887683093548 -0.0272514335811 -0.200509026647 
0.679892122746 0.327865064144 -0.1184547171 
0.627196550369 0.134423106909 -0.14182458818 
0.923207163811 0.259164512157 -0.193501010537 
0.897948682308 -0.25440081954 -0.174091905355 
0.778280675411 -0.152491033077 -0.197058558464 
0.503922641277 -0.332643389702 -0.130815431476 
0.482785910368 -0.205741003156 -0.343876302242 
0.344301909208 0.07612422853710001 -0.236636996269 
-0.168315783143 0.112435795367 -0.28713619709 
-0.282106995583 0.112105101347 -0.169189482927 
-0.212206795812 -0.125619396567 -0.343030393124 
0.171619296074 -0.166493698955 -0.310226380825 
0.412232667208 -0.165478438139 -0.198684692383 
0.170639798045 0.165997192264 -0.30577608943 
1.02154016495 0.118758238852 -0.414985597134 
1.00358307362 0.0878536999226 -0.309080511332 
1.00962984562 -0.07193458080289999 -0.319271087646 
1.02154016495 0.118758238852 -0.414985597134 
1.00962984562 -0.07193458080289999 -0.319271087646 
0.934669554234 -0.278620481491 -0.414814054966 
0.862598419189 0.340670049191 -0.414481878281 
0.862533569336 0.323033750057 -0.256441801786 
1.02154016495 0.118758238852 -0.414985597134 
0.934669554234 -0.278620481491 -0.414814054966 
0.767941296101 -0.365577697754 -0.282231122255 
0.7625918984409999 -0.357878416777 -0.414515972137 
0.85613399744 0.328514844179 -0.269051522017 
0.8635839819909999 0.339484542608 -0.261053472757 
0.867969512939 0.347003847361 -0.415800541639 
0.85613399744 0.328514844179 -0.269051522017 
0.958809971809 0.218937829137 -0.239859610796 
0.8635839819909999 0.339484542608 -0.261053472757 
0.848703920841 -0.307939827442 -0.225023806095 
0.967550337315 -0.233594357967 -0.247574463487 
0.962347567081 -0.215805351734 -0.252537846565 
0.962347567081 -0.215805351734 -0.252537846565 
0.967550337315 -0.233594357967 -0.247574463487 
1.012119174 -0.0881377011538 -0.315330803394 
0.928432524204 0.285617351532 -0.215545728803 
0.8740488290789999 0.355871319771 -0.416952252388 
0.87087905407 0.334930419922 -0.253994137049 
0.775617897511 -0.375227659941 -0.278610229492 
0.768479824066 -0.367738842964 -0.367886424065 
0.772920429707 -0.380094051361 -0.416818261147 
0.775617897511 -0.375227659941 -0.278610229492 
0.772920429707 -0.380094051361 -0.416818261147 
0.918239116669 -0.295658558607 -0.212314605713 
0.928432524204 0.285617351532 -0.215545728803 
0.954300522804 0.242581069469 -0.417102485895 
0.8740488290789999 0.355871319771 -0.416952252388 
1.01915931702 0.0853368192911 -0.312050491571 
0.954300522804 0.242581069469 -0.417102485895 
0.928432524204 0.285617351532 -0.215545728803 
0.954300522804 0.242581069469 -0.417102485895 
1.01915931702 0.0853368192911 -0.312050491571 
1.00821602345 0.0828546062112 -0.385880738497 
1.01219546795 -0.0621779225767 -0.413156121969 
1.00821602345 0.0828546062112 -0.385880738497 
1.012119174 -0.0881377011538 -0.315330803394 
0.929678559303 -0.297525644302 -0.41723844409 
1.01219546795 -0.0621779225767 -0.413156121969 
0.918239116669 -0.295658558607 -0.212314605713 
3 246 380 332 
3 257 380 246 
3 346 705 279 
3 210 236 220 
3 225 268 279 
3 272 246 332 
3 683 272 225 
3 349 196 782 
3 705 349 782 
3 349 705 346 
3 186 349 332 
3 661 704 220 
3 705 704 279 
3 704 661 279 
3 654 242 220 
3 220 218 227 
3 236 218 220 
3 218 683 227 
3 683 218 236 
3 690 257 246 
3 272 690 246 
3 683 690 272 
3 682 225 279 
3 661 682 279 
3 682 661 225 
3 326 272 332 
3 326 268 225 
3 268 326 279 
3 326 346 279 
3 349 326 332 
3 326 349 346 
3 683 662 227 
3 662 683 225 
3 196 273 782 
3 273 705 782 
3 273 704 705 
3 187 380 257 
3 349 178 196 
3 186 178 349 
3 428 654 252 
3 242 428 252 
3 428 242 654 
3 655 654 220 
3 669 655 220 
3 212 704 243 
3 669 212 243 
3 212 669 220 
3 670 669 243 
3 827 670 446 
3 670 655 669 
3 238 242 252 
3 235 683 236 
3 690 235 236 
3 235 690 683 
3 272 269 225 
3 269 326 225 
3 326 269 272 
3 661 658 225 
3 658 662 225 
3 658 661 220 
3 658 220 227 
3 662 658 227 
3 654 831 252 
3 831 827 252 
3 446 712 196 
3 712 273 196 
3 690 832 257 
3 832 697 257 
3 834 832 690 
3 697 832 252 
3 832 238 252 
3 184 186 332 
3 184 178 186 
3 178 184 697 
3 184 187 257 
3 697 184 257 
3 380 184 332 
3 187 184 380 
3 715 446 196 
3 178 715 196 
3 715 178 697 
3 715 827 446 
3 827 715 252 
3 715 697 252 
3 704 215 220 
3 215 212 220 
3 212 215 704 
3 831 734 827 
3 655 734 654 
3 734 831 654 
3 211 238 210 
3 238 211 242 
3 211 210 220 
3 242 211 220 
3 238 294 210 
3 294 236 210 
3 832 294 238 
3 294 832 834 
3 294 690 236 
3 294 834 690 
3 712 835 273 
3 835 670 243 
3 670 835 446 
3 835 712 446 
3 704 835 243 
3 273 835 704 
3 670 436 655 
3 436 734 655 
3 436 670 827 
3 734 436 827 
Vertices and facets:
- p380(v15):  -0.4  0.13   0.2
- p246(v5):  0.33   0.4 -0.14
- p332(v3): -0.41  0.13   0.2
- p257(v8):  0.68  0.33 -0.12
- p705(v16): -0.41  -0.3 -0.27
- p346(v13): -0.46 -0.14  0.11
- p279(v0): -0.61 -0.0049 -0.31
- p236(v19):  0.66  0.49 -0.45
- p210(v10):  0.83  0.39 -0.45
- p220(v9): -0.42  -0.3 -0.46
- p268(v20): -0.59 0.097 -0.31
- p225(v11): -0.54  0.31 -0.42
- p272(v22):  -0.3  0.45 -0.22
- p683(v23):  -0.3  0.53 -0.42
- p349(v24): -0.41 -0.13   0.2
- p196(v14):  0.41 -0.14 0.078
- p782(v7):  -0.4 -0.14  0.19
- p186(v26):  0.35 0.016  0.16
- p704(v27): -0.39 -0.34 -0.42
- p661(v21): -0.49 -0.19 -0.44
- p242(v28):     1  0.12 -0.45
- p654(v17):     1 -0.062 -0.45
- p218(v31): -0.29  0.52 -0.45
- p227(v6): -0.29  0.52 -0.45
- p690(v32):   0.7  0.44 -0.25
- p682(v33): -0.52 -0.14 -0.42
- p326(v34): -0.47  0.13  0.11
- p662(v35): -0.48  0.38 -0.45
- p273(v38):   0.5 -0.33 -0.13
- p187(v39):   0.4  0.14  0.08
- p178(v41):  0.41 -0.067  0.13
- p428(v42):     1  0.12 -0.41
- p252(v1):     1  0.15 -0.29
- p655(v43):  0.96 -0.24 -0.45
- p669(v29):  0.85 -0.38 -0.45
- p212(v44):  0.59 -0.39 -0.45
- p243(v2):  0.76  -0.4 -0.42
- p670(v45):  0.87 -0.38 -0.42
- p827(v36):  0.97 -0.23 -0.25
- p446(v25):  0.92  -0.3 -0.21
- p238(v46):  0.97  0.27 -0.42
- p235(v47):  0.56  0.49 -0.42
- p269(v49): -0.49  0.28 -0.25
- p658(v50): -0.49  0.37 -0.45
- p831(v51):     1 -0.088 -0.32
- p712(v52):   0.9  -0.3 -0.21
- p832(v53):  0.93  0.29 -0.22
- p697(v40):  0.92  0.26 -0.19
- p834(v48):  0.87  0.33 -0.25
- p184(v54):   0.4  0.08  0.12
- p715(v55):   0.9 -0.25 -0.17
- p215(v56): -0.35 -0.34 -0.45
- p734(v57):  0.97 -0.24 -0.41
- p211(v58):  0.98  0.21 -0.45
- p294(v59):  0.89  0.36 -0.41
- p835(v60):  0.78 -0.38 -0.28
- p436(v61):  0.93  -0.3 -0.42
- f50
    - flags: bottom simplicial
    - normal:   0.04369   0.7338    0.678
    - offset: -0.2107509
    - vertices: p380(v15) p246(v5) p332(v3)
    - neighboring facets: f83 f241 f51
- f51
    - flags: bottom simplicial
    - normal:   0.08827    0.678   0.7298
    - offset: -0.1958496
    - vertices: p380(v15) p257(v8) p246(v5)
    - neighboring facets: f131 f50 f166
- f58
    - flags: bottom simplicial
    - normal:   -0.8239  -0.5572   0.1031
    - offset: -0.4710148
    - vertices: p705(v16) p346(v13) p279(v0)
    - neighboring facets: f145 f112 f94
- f68
    - flags: bottom simplicial
    - normal:  0.003812 0.008761       -1
    - offset:  -0.455247
    - vertices: p236(v19) p210(v10) p220(v9)
    - neighboring facets: f259 f128 f262
- f75
    - flags: bottom simplicial
    - normal:   -0.9689    0.127  -0.2123
    - offset: -0.6537145
    - vertices: p268(v20) p225(v11) p279(v0)
    - neighboring facets: f138 f144 f143
- f83
    - flags: top simplicial
    - normal:   -0.0138   0.7975   0.6032
    - offset:  -0.227779
    - vertices: p272(v22) p246(v5) p332(v3)
    - neighboring facets: f50 f141 f134
- f87
    - flags: top simplicial
    - normal:   -0.6238   0.7294   0.2808
    - offset: -0.4512477
    - vertices: p683(v23) p272(v22) p225(v11)
    - neighboring facets: f214 f149 f135
- f92
    - flags: top simplicial
    - normal:   0.09782  -0.6687   0.7371
    - offset: -0.1894916
    - vertices: p349(v24) p196(v14) p782(v7)
    - neighboring facets: f160 f93 f179
- f93
    - flags: bottom simplicial
    - normal:   -0.2773  -0.9046   0.3237
    - offset: -0.2926411
    - vertices: p349(v24) p705(v16) p782(v7)
    - neighboring facets: f163 f92 f94
- f94
    - flags: top simplicial
    - normal:   -0.2773  -0.9046   0.3237
    - offset: -0.2926586
    - vertices: p349(v24) p705(v16) p346(v13)
    - neighboring facets: f58 f147 f93
- f105
    - flags: top simplicial
    - normal:   0.05284  -0.0063   0.9986
    - offset: -0.1762751
    - vertices: p186(v26) p349(v24) p332(v3)
    - neighboring facets: f146 f236 f180
- f111
    - flags: bottom simplicial
    - normal:   -0.8242  -0.5663 0.005466
    - offset: -0.5114963
    - vertices: p704(v27) p661(v21) p220(v9)
    - neighboring facets: f219 f249 f113
- f112
    - flags: bottom simplicial
    - normal:   -0.8242  -0.5606  0.08039
    - offset: -0.4782484
    - vertices: p704(v27) p705(v16) p279(v0)
    - neighboring facets: f58 f113 f165
- f113
    - flags: top simplicial
    - normal:   -0.8261   -0.559  0.07154
    - offset: -0.4821382
    - vertices: p704(v27) p661(v21) p279(v0)
    - neighboring facets: f139 f112 f111
- f117
    - flags: bottom simplicial
    - normal:  0.007356 -0.0001252       -1
    - offset: -0.4564596
    - vertices: p242(v28) p654(v17) p220(v9)
    - neighboring facets: f186 f260 f185
- f127
    - flags: bottom simplicial
    - normal:  -0.00139  0.01558  -0.9999
    - offset: -0.4553211
    - vertices: p218(v31) p220(v9) p227(v6)
    - neighboring facets: f220 f129 f128
- f128
    - flags: bottom simplicial
    - normal:  -0.001168  0.01555  -0.9999
    - offset: -0.4552393
    - vertices: p218(v31) p236(v19) p220(v9)
    - neighboring facets: f68 f127 f130
- f129
    - flags: top simplicial
    - normal:   0.02313   0.9984 -0.05182
    - offset: -0.5398767
    - vertices: p218(v31) p683(v23) p227(v6)
    - neighboring facets: f148 f127 f130
- f130
    - flags: bottom simplicial
    - normal:   0.03399   0.9983 -0.04824
    - offset: -0.5351004
    - vertices: p218(v31) p683(v23) p236(v19)
    - neighboring facets: f205 f128 f129
- f131
    - flags: top simplicial
    - normal:    0.1062   0.7427   0.6612
    - offset: -0.2373988
    - vertices: p690(v32) p257(v8) p246(v5)
    - neighboring facets: f51 f134 f230
- f134
    - flags: bottom simplicial
    - normal:   0.02031   0.9106   0.4128
    - offset: -0.3113647
    - vertices: p690(v32) p272(v22) p246(v5)
    - neighboring facets: f83 f131 f135
- f135
    - flags: bottom simplicial
    - normal:   0.01958   0.9306   0.3655
    - offset: -0.3312278
    - vertices: p690(v32) p683(v23) p272(v22)
    - neighboring facets: f87 f134 f207
- f138
    - flags: top simplicial
    - normal:   -0.7932 -0.03853  -0.6078
    - offset: -0.6706774
    - vertices: p682(v33) p225(v11) p279(v0)
    - neighboring facets: f75 f139 f140
- f139
    - flags: bottom simplicial
    - normal:   -0.8887  -0.3307  -0.3176
    - offset: -0.6399613
    - vertices: p682(v33) p661(v21) p279(v0)
    - neighboring facets: f113 f138 f140
- f140
    - flags: top simplicial
    - normal:   -0.6623 -0.03215  -0.7485
    - offset: -0.6602174
    - vertices: p682(v33) p661(v21) p225(v11)
    - neighboring facets: f217 f138 f139
- f141
    - flags: top simplicial
    - normal:    -0.561   0.7254   0.3988
    - offset: -0.4042306
    - vertices: p326(v34) p272(v22) p332(v3)
    - neighboring facets: f83 f146 f216
- f143
    - flags: top simplicial
    - normal:   -0.9118   0.3341   0.2389
    - offset:   -0.50039
    - vertices: p326(v34) p268(v20) p225(v11)
    - neighboring facets: f75 f215 f144
- f144
    - flags: bottom simplicial
    - normal:   -0.9555   0.1184   0.2703
    - offset: -0.4956539
    - vertices: p326(v34) p268(v20) p279(v0)
    - neighboring facets: f75 f145 f143
- f145
    - flags: top simplicial
    - normal:    -0.947 -0.03736    0.319
    - offset: -0.4761556
    - vertices: p326(v34) p346(v13) p279(v0)
    - neighboring facets: f58 f144 f147
- f146
    - flags: bottom simplicial
    - normal:   -0.8447 -0.004152   0.5352
    - offset: -0.4555638
    - vertices: p326(v34) p349(v24) p332(v3)
    - neighboring facets: f105 f141 f147
- f147
    - flags: top simplicial
    - normal:   -0.8817 -0.03497   0.4705
    - offset: -0.4619619
    - vertices: p326(v34) p349(v24) p346(v13)
    - neighboring facets: f94 f145 f146
- f148
    - flags: bottom simplicial
    - normal:   -0.5941   0.7838  -0.1807
    - offset: -0.6635739
    - vertices: p662(v35) p683(v23) p227(v6)
    - neighboring facets: f129 f221 f149
- f149
    - flags: top simplicial
    - normal:   -0.6254   0.7311   0.2728
    - offset: -0.4559376
    - vertices: p662(v35) p683(v23) p225(v11)
    - neighboring facets: f87 f218 f148
- f160
    - flags: bottom simplicial
    - normal:   0.09291  -0.7062   0.7018
    - offset: -0.1899331
    - vertices: p273(v38) p196(v14) p782(v7)
    - neighboring facets: f92 f163 f227
- f163
    - flags: top simplicial
    - normal:  -0.08878  -0.9391   0.3319
    - offset: -0.2242275
    - vertices: p273(v38) p705(v16) p782(v7)
    - neighboring facets: f93 f160 f165
- f165
    - flags: top simplicial
    - normal:  -0.08227  -0.9549   0.2853
    - offset: -0.2388652
    - vertices: p273(v38) p704(v27) p705(v16)
    - neighboring facets: f112 f163 f272
- f166
    - flags: top simplicial
    - normal:   0.09475    0.663   0.7426
    - offset: -0.1938327
    - vertices: p187(v39) p380(v15) p257(v8)
    - neighboring facets: f51 f239 f242
- f179
    - flags: bottom simplicial
    - normal:    0.1082  -0.5896   0.8004
    - offset: -0.1877371
    - vertices: p178(v41) p349(v24) p196(v14)
    - neighboring facets: f92 f244 f180
- f180
    - flags: bottom simplicial
    - normal:   0.09702  -0.2517   0.9629
    - offset: -0.1818926
    - vertices: p178(v41) p186(v26) p349(v24)
    - neighboring facets: f105 f179 f237
- f183
    - flags: top simplicial
    - normal:    0.9972 -0.01513 -0.07278
    - offset:  -1.047121
    - vertices: p428(v42) p654(v17) p252(v1)
    - neighboring facets: f222 f184 f185
- f184
    - flags: bottom simplicial
    - normal:    0.9832   0.1486  -0.1064
    - offset:  -1.066139
    - vertices: p428(v42) p242(v28) p252(v1)
    - neighboring facets: f202 f183 f185
- f185
    - flags: top simplicial
    - normal:    0.9933 -0.006999  -0.1155
    - offset:  -1.061774
    - vertices: p428(v42) p242(v28) p654(v17)
    - neighboring facets: f117 f183 f184
- f186
    - flags: top simplicial
    - normal:  0.007856 -0.00312       -1
    - offset: -0.4571507
    - vertices: p655(v43) p654(v17) p220(v9)
    - neighboring facets: f117 f187 f255
- f187
    - flags: bottom simplicial
    - normal:  0.008042 -0.007637  -0.9999
    - offset: -0.4584236
    - vertices: p655(v43) p669(v29) p220(v9)
    - neighboring facets: f193 f186 f198
- f190
    - flags: top simplicial
    - normal:  -0.04774  -0.9988 0.005187
    - offset: -0.3574501
    - vertices: p212(v44) p704(v27) p243(v2)
    - neighboring facets: f271 f191 f251
- f191
    - flags: bottom simplicial
    - normal:   0.03418  -0.9023  -0.4298
    - offset: -0.5634787
    - vertices: p212(v44) p669(v29) p243(v2)
    - neighboring facets: f194 f190 f193
- f193
    - flags: top simplicial
    - normal:  0.002268  -0.1024  -0.9947
    - offset: -0.4870222
    - vertices: p212(v44) p669(v29) p220(v9)
    - neighboring facets: f187 f250 f191
- f194
    - flags: top simplicial
    - normal:    0.1386   -0.982  -0.1282
    - offset: -0.5474968
    - vertices: p670(v45) p669(v29) p243(v2)
    - neighboring facets: f191 f268 f198
- f197
    - flags: bottom simplicial
    - normal:    0.7973  -0.6009  0.05724
    - offset: -0.8975881
    - vertices: p670(v45) p827(v36) p446(v25)
    - neighboring facets: f246 f269 f275
- f198
    - flags: top simplicial
    - normal:    0.7253  -0.5636  -0.3953
    - offset:  -1.010337
    - vertices: p670(v45) p655(v43) p669(v29)
    - neighboring facets: f187 f194 f273
- f202
    - flags: top simplicial
    - normal:    0.9423   0.3092  -0.1282
    - offset:  -1.053706
    - vertices: p238(v46) p242(v28) p252(v1)
    - neighboring facets: f184 f235 f258
- f205
    - flags: top simplicial
    - normal:   0.04213   0.9723     0.23
    - offset: -0.4029734
    - vertices: p235(v47) p683(v23) p236(v19)
    - neighboring facets: f130 f206 f207
- f206
    - flags: bottom simplicial
    - normal:   0.04786   0.9673   0.2491
    - offset: -0.3957665
    - vertices: p235(v47) p690(v32) p236(v19)
    - neighboring facets: f265 f205 f207
- f207
    - flags: top simplicial
    - normal:   0.04191   0.9664   0.2537
    - offset: -0.3900406
    - vertices: p235(v47) p690(v32) p683(v23)
    - neighboring facets: f135 f205 f206
- f214
    - flags: bottom simplicial
    - normal:   -0.6377   0.7015   0.3183
    - offset: -0.4343641
    - vertices: p269(v49) p272(v22) p225(v11)
    - neighboring facets: f87 f215 f216
- f215
    - flags: top simplicial
    - normal:   -0.6733   0.6657   0.3218
    - offset: -0.4409668
    - vertices: p269(v49) p326(v34) p225(v11)
    - neighboring facets: f143 f214 f216
- f216
    - flags: bottom simplicial
    - normal:   -0.6355   0.6969   0.3325
    - offset: -0.4284295
    - vertices: p269(v49) p326(v34) p272(v22)
    - neighboring facets: f141 f214 f215
- f217
    - flags: bottom simplicial
    - normal:   -0.4697 -0.007577  -0.8828
    - offset:  -0.619278
    - vertices: p658(v50) p661(v21) p225(v11)
    - neighboring facets: f140 f218 f219
- f218
    - flags: top simplicial
    - normal:   -0.6689   0.7242   0.1677
    - offset: -0.5210335
    - vertices: p658(v50) p662(v35) p225(v11)
    - neighboring facets: f149 f217 f221
- f219
    - flags: top simplicial
    - normal:   -0.2913 -0.01136  -0.9566
    - offset: -0.5642634
    - vertices: p658(v50) p661(v21) p220(v9)
    - neighboring facets: f111 f220 f217
- f220
    - flags: top simplicial
    - normal:  -0.01422  0.01756  -0.9997
    - offset: -0.4600093
    - vertices: p658(v50) p220(v9) p227(v6)
    - neighboring facets: f127 f221 f219
- f221
    - flags: bottom simplicial
    - normal:   -0.1091   0.1419  -0.9838
    - offset:  -0.545579
    - vertices: p658(v50) p662(v35) p227(v6)
    - neighboring facets: f148 f220 f218
- f222
    - flags: bottom simplicial
    - normal:    0.9964 -0.08372  0.01516
    - offset:  -1.011049
    - vertices: p831(v51) p654(v17) p252(v1)
    - neighboring facets: f183 f223 f256
- f223
    - flags: top simplicial
    - normal:     0.928  -0.1201   0.3526
    - offset: -0.8386786
    - vertices: p831(v51) p827(v36) p252(v1)
    - neighboring facets: f247 f222 f254
- f226
    - flags: bottom simplicial
    - normal:    0.2024  -0.6653   0.7186
    - offset: -0.2299805
    - vertices: p712(v52) p446(v25) p196(v14)
    - neighboring facets: f243 f227 f270
- f227
    - flags: top simplicial
    - normal:    0.2005  -0.6678   0.7168
    - offset: -0.2294156
    - vertices: p712(v52) p273(v38) p196(v14)
    - neighboring facets: f160 f226 f267
- f230
    - flags: bottom simplicial
    - normal:    0.3664   0.6688   0.6469
    - offset: -0.3917516
    - vertices: p832(v53) p690(v32) p257(v8)
    - neighboring facets: f131 f231 f232
- f231
    - flags: top simplicial
    - normal:    0.3838   0.5452   0.7452
    - offset: -0.3514381
    - vertices: p832(v53) p697(v40) p257(v8)
    - neighboring facets: f240 f230 f234
- f232
    - flags: bottom simplicial
    - normal:     0.514   0.8131   0.2734
    - offset: -0.6504872
    - vertices: p832(v53) p834(v48) p690(v32)
    - neighboring facets: f266 f230 f264
- f234
    - flags: bottom simplicial
    - normal:    0.7821   0.3005   0.5459
    - offset: -0.6942752
    - vertices: p832(v53) p697(v40) p252(v1)
    - neighboring facets: f248 f235 f231
- f235
    - flags: top simplicial
    - normal:    0.8299    0.539   0.1443
    - offset:   -0.89331
    - vertices: p832(v53) p238(v46) p252(v1)
    - neighboring facets: f202 f234 f263
- f236
    - flags: top simplicial
    - normal:    0.1102   0.4196    0.901
    - offset: -0.1875208
    - vertices: p184(v54) p186(v26) p332(v3)
    - neighboring facets: f105 f241 f237
- f237
    - flags: top simplicial
    - normal:    0.4809  0.05643   0.8749
    - offset: -0.3054189
    - vertices: p184(v54) p178(v41) p186(v26)
    - neighboring facets: f180 f236 f238
- f238
    - flags: bottom simplicial
    - normal:    0.5042  0.05568   0.8618
    - offset:  -0.313201
    - vertices: p184(v54) p178(v41) p697(v40)
    - neighboring facets: f245 f240 f237
- f239
    - flags: top simplicial
    - normal:     0.244   0.5207   0.8181
    - offset: -0.2397058
    - vertices: p184(v54) p187(v39) p257(v8)
    - neighboring facets: f166 f240 f242
- f240
    - flags: bottom simplicial
    - normal:    0.3713   0.3991   0.8384
    - offset: -0.2839598
    - vertices: p184(v54) p697(v40) p257(v8)
    - neighboring facets: f231 f239 f238
- f241
    - flags: bottom simplicial
    - normal:    0.1109   0.5224   0.8455
    - offset: -0.1892856
    - vertices: p184(v54) p380(v15) p332(v3)
    - neighboring facets: f50 f236 f242
- f242
    - flags: bottom simplicial
    - normal:     0.111   0.5332   0.8387
    - offset: -0.1893423
    - vertices: p184(v54) p187(v39) p380(v15)
    - neighboring facets: f166 f241 f239
- f243
    - flags: top simplicial
    - normal:    0.2548  -0.5867   0.7686
    - offset: -0.2442974
    - vertices: p715(v55) p446(v25) p196(v14)
    - neighboring facets: f226 f244 f246
- f244
    - flags: bottom simplicial
    - normal:    0.2626  -0.5721    0.777
    - offset: -0.2460713
    - vertices: p715(v55) p178(v41) p196(v14)
    - neighboring facets: f179 f243 f245
- f245
    - flags: top simplicial
    - normal:    0.5277 0.006149   0.8494
    - offset: -0.3243886
    - vertices: p715(v55) p178(v41) p697(v40)
    - neighboring facets: f238 f248 f244
- f246
    - flags: top simplicial
    - normal:    0.7384  -0.2256   0.6355
    - offset: -0.6097988
    - vertices: p715(v55) p827(v36) p446(v25)
    - neighboring facets: f197 f243 f247
- f247
    - flags: bottom simplicial
    - normal:    0.7326 -0.05411   0.6785
    - offset: -0.5534352
    - vertices: p715(v55) p827(v36) p252(v1)
    - neighboring facets: f223 f248 f246
- f248
    - flags: top simplicial
    - normal:    0.6488 -0.003153   0.7609
    - offset: -0.4509433
    - vertices: p715(v55) p697(v40) p252(v1)
    - neighboring facets: f234 f247 f245
- f249
    - flags: bottom simplicial
    - normal:   -0.3492  -0.7825  -0.5156
    - offset:  -0.618289
    - vertices: p215(v56) p704(v27) p220(v9)
    - neighboring facets: f111 f250 f251
- f250
    - flags: top simplicial
    - normal:  -0.01863  -0.3381  -0.9409
    - offset: -0.5420738
    - vertices: p215(v56) p212(v44) p220(v9)
    - neighboring facets: f193 f249 f251
- f251
    - flags: bottom simplicial
    - normal:  -0.05029  -0.9954 -0.08211
    - offset: -0.3937133
    - vertices: p215(v56) p212(v44) p704(v27)
    - neighboring facets: f190 f249 f250
- f254
    - flags: bottom simplicial
    - normal:    0.9588  -0.2833  0.02239
    - offset:  -0.988289
    - vertices: p734(v57) p831(v51) p827(v36)
    - neighboring facets: f223 f276 f256
- f255
    - flags: bottom simplicial
    - normal:     0.917  -0.2932  -0.2703
    - offset:  -1.071668
    - vertices: p734(v57) p655(v43) p654(v17)
    - neighboring facets: f186 f256 f274
- f256
    - flags: top simplicial
    - normal:    0.9659  -0.2582 -0.01932
    - offset:  -1.006453
    - vertices: p734(v57) p831(v51) p654(v17)
    - neighboring facets: f222 f255 f254
- f257
    - flags: top simplicial
    - normal:    0.4931   0.4169  -0.7636
    - offset: -0.9130945
    - vertices: p211(v58) p238(v46) p210(v10)
    - neighboring facets: f261 f259 f258
- f258
    - flags: bottom simplicial
    - normal:    0.7464   0.3373  -0.5737
    - offset:  -1.057752
    - vertices: p211(v58) p238(v46) p242(v28)
    - neighboring facets: f202 f260 f257
- f259
    - flags: top simplicial
    - normal:  0.005393 0.005922       -1
    - offset: -0.4554511
    - vertices: p211(v58) p210(v10) p220(v9)
    - neighboring facets: f68 f260 f257
- f260
    - flags: bottom simplicial
    - normal:  0.006281 0.003528       -1
    - offset:  -0.455806
    - vertices: p211(v58) p242(v28) p220(v9)
    - neighboring facets: f117 f259 f258
- f261
    - flags: bottom simplicial
    - normal:    0.5874   0.5865  -0.5576
    - offset: -0.9649055
    - vertices: p294(v59) p238(v46) p210(v10)
    - neighboring facets: f257 f262 f263
- f262
    - flags: top simplicial
    - normal:    0.5155    0.826   -0.228
    - offset: -0.8511113
    - vertices: p294(v59) p236(v19) p210(v10)
    - neighboring facets: f68 f261 f265
- f263
    - flags: bottom simplicial
    - normal:    0.7218   0.6827   0.1134
    - offset: -0.8407017
    - vertices: p294(v59) p832(v53) p238(v46)
    - neighboring facets: f235 f261 f264
- f264
    - flags: top simplicial
    - normal:    0.5605   0.8052   0.1936
    - offset: -0.7086476
    - vertices: p294(v59) p832(v53) p834(v48)
    - neighboring facets: f232 f266 f263
- f265
    - flags: top simplicial
    - normal:    0.4829   0.8648   0.1375
    - offset: -0.6845908
    - vertices: p294(v59) p690(v32) p236(v19)
    - neighboring facets: f206 f262 f266
- f266
    - flags: top simplicial
    - normal:    0.5211   0.8312    0.194
    - offset: -0.6829225
    - vertices: p294(v59) p834(v48) p690(v32)
    - neighboring facets: f232 f265 f264
- f267
    - flags: bottom simplicial
    - normal:    0.1819  -0.8041    0.566
    - offset: -0.2850778
    - vertices: p835(v60) p712(v52) p273(v38)
    - neighboring facets: f227 f272 f270
- f268
    - flags: top simplicial
    - normal:    0.1374  -0.9824   0.1269
    - offset: -0.4397945
    - vertices: p835(v60) p670(v45) p243(v2)
    - neighboring facets: f194 f271 f269
- f269
    - flags: bottom simplicial
    - normal:    0.3668  -0.8881   0.2769
    - offset:   -0.54056
    - vertices: p835(v60) p670(v45) p446(v25)
    - neighboring facets: f197 f270 f268
- f270
    - flags: top simplicial
    - normal:     0.205  -0.8168   0.5393
    - offset: -0.3151844
    - vertices: p835(v60) p712(v52) p446(v25)
    - neighboring facets: f226 f269 f267
- f271
    - flags: bottom simplicial
    - normal:  -0.04698   -0.987   0.1535
    - offset: -0.2911425
    - vertices: p835(v60) p704(v27) p243(v2)
    - neighboring facets: f190 f268 f272
- f272
    - flags: bottom simplicial
    - normal:  -0.05101  -0.9807   0.1888
    - offset: -0.2758186
    - vertices: p835(v60) p273(v38) p704(v27)
    - neighboring facets: f165 f271 f267
- f273
    - flags: bottom simplicial
    - normal:    0.7857  -0.5691  -0.2424
    - offset:  -1.000924
    - vertices: p436(v61) p670(v45) p655(v43)
    - neighboring facets: f198 f274 f275
- f274
    - flags: top simplicial
    - normal:    0.8056  -0.5564  -0.2034
    - offset: -0.9993999
    - vertices: p436(v61) p734(v57) p655(v43)
    - neighboring facets: f255 f273 f276
- f275
    - flags: top simplicial
    - normal:    0.8067  -0.5895  0.04208
    - offset: -0.9077677
    - vertices: p436(v61) p670(v45) p827(v36)
    - neighboring facets: f197 f276 f273
- f276
    - flags: bottom simplicial
    - normal:    0.8176  -0.5748  0.03407
    - offset: -0.9169066
    - vertices: p436(v61) p734(v57) p827(v36)
    - neighboring facets: f254 f275 f274
