3
839 198 297
-0.008052038960159999 -0.307752549648 0.388974994421 
-0.051440205425 -0.332732617855 0.363936305046 
-0.0402785278857 -0.379571586847 0.317107081413 
-0.008052038960159999 -0.307752549648 0.388974994421 
0.0610307864845 -0.361519724131 0.335289746523 
0.0454614162445 -0.319401234388 0.377392888069 
-0.008052038960159999 -0.307752549648 0.388974994421 
0.0201562680304 -0.388639211655 0.308111578226 
0.0610307864845 -0.361519724131 0.335289746523 
-0.008052038960159999 -0.307752549648 0.388974994421 
-0.0402785278857 -0.379571586847 0.317107081413 
0.0201562680304 -0.388639211655 0.308111578226 
-0.030367506668 -0.305566489697 0.376252114773 
-0.0526339709759 -0.355109244585 0.331902444363 
-0.0445166006684 -0.325089871883 0.369364321232 
-0.0509912110865 -0.278754889965 0.336081534624 
-0.00491722114384 -0.362457275391 0.252410888672 
-0.0526855438948 -0.371411114931 0.317661136389 
0.0586657710373 -0.276206046343 0.338750004768 
-0.0509912110865 -0.278754889965 0.336081534624 
-0.0280187986791 -0.299824208021 0.389277338982 
0.0753846690059 -0.366474598646 0.322770982981 
-0.00491722114384 -0.362457275391 0.252410888672 
0.0586657710373 -0.276206046343 0.338750004768 
-0.0532918125391 -0.329341351986 0.285472869873 
-0.104755707085 -0.331049263477 0.283699244261 
-0.0503833554685 -0.378245085478 0.236565247178 
-0.0565902590752 -0.290653675795 0.324160754681 
-0.0960384383798 -0.270521461964 0.344246059656 
-0.104755707085 -0.331049263477 0.283699244261 
-0.0392792485654 -0.235506281257 0.379336535931 
0.0359395779669 -0.23231215775 0.382626950741 
-0.0392792485654 -0.235506281257 0.379336535931 
-0.0153306005523 -0.265166759491 0.349704742432 
0.108394213021 -0.277763217688 0.337262630463 
0.0359395779669 -0.23231215775 0.382626950741 
0.0447221174836 -0.272565841675 0.342378526926 
0.0661939680576 -0.317380428314 0.297586679459 
0.101930141449 -0.346060335636 0.26894775033 
0.108394213021 -0.277763217688 0.337262630463 
0.0352291874588 -0.384463191032 0.230454862118 
0.101930141449 -0.346060335636 0.26894775033 
0.0327668935061 -0.348074495792 0.266847521067 
-0.0157334227115 -0.351306140423 0.263553142548 
-0.0503833554685 -0.378245085478 0.236565247178 
0.0352291874588 -0.384463191032 0.230454862118 
-0.103832393885 -0.260962218046 0.323021829128 
-0.0754199177027 -0.331935107708 0.248139798641 
-0.114966735244 -0.305307596922 0.309428691864 
-0.0495617650449 -0.211476430297 0.360131204128 
-0.103832393885 -0.260962218046 0.323021829128 
-0.114966735244 -0.305307596922 0.309428691864 
0.123301386833 -0.315847158432 0.299201667309 
0.0996557623148 -0.295478880405 0.286499679089 
0.0826654061675 -0.233096301556 0.344013661146 
-0.088586486876 -0.336685091257 0.249093800783 
-0.108988016844 -0.301268875599 0.284488290548 
-0.119772069156 -0.35067871213 0.235058739781 
-0.108988016844 -0.301268875599 0.284488290548 
-0.132760509849 -0.254162967205 0.331570118666 
-0.142158299685 -0.303479880095 0.282235354185 
-0.0983965247869 -0.263787806034 0.321987807751 
-0.132760509849 -0.254162967205 0.331570118666 
0.08544013649230001 -0.239021450281 0.346989512444 
0.11408097297 -0.29375115037 0.292290449142 
0.149726614356 -0.293732523918 0.292354106903 
0.0826654061675 -0.233096301556 0.344013661146 
-0.0495617650449 -0.211476430297 0.360131204128 
-0.000905113178305 -0.222655639052 0.392234474421 
0.123301386833 -0.315847158432 0.299201667309 
0.130315870047 -0.287801116705 0.240288466215 
0.0996557623148 -0.295478880405 0.286499679089 
-0.108987979591 -0.294164448977 0.277374267578 
-0.119772039354 -0.343615561724 0.22798538208 
-0.142158299685 -0.296414405107 0.275160014629 
-0.0983965247869 -0.256673395634 0.314863890409 
-0.108987979591 -0.294164448977 0.277374267578 
-0.132760509849 -0.247099071741 0.324496984482 
0.11614073813 -0.284826159477 0.286980062723 
0.08217412978410001 -0.231638476253 0.340130597353 
0.111894927919 -0.21433852613 0.357470095158 
0.11614073813 -0.284826159477 0.286980062723 
0.111894927919 -0.21433852613 0.357470095158 
0.149719968438 -0.28661775589 0.285229861736 
-0.0208093263209 -0.389233708382 0.225612476468 
-0.0846475213766 -0.329523921013 0.198300167918 
0.130315870047 -0.287801116705 0.240288466215 
0.199781015515 0.0948633477092 0.122599467635 
0.159706071019 0.151570558548 -0.0202867686749 
0.15971647203 0.08151111751789999 0.108118988574 
0.158821880817 -0.0719343498349 -0.150013804436 
0.159706071019 0.151570558548 -0.0202867686749 
0.199440613389 0.110842570662 -0.105328291655 
0.198775365949 -0.111647635698 -0.108148917556 
0.159081757069 -0.11116348207 0.0712344422936 
0.158821880817 -0.0719343498349 -0.150013804436 
0.15906240046 0.009675900451840001 -0.151004448533 
0.139003843069 -0.009256758727130001 -0.15230627358 
0.139632433653 0.142367184162 -0.0474476628006 
0.1388451159 -0.136176332831 -0.02418172732 
0.139003843069 -0.009256758727130001 -0.15230627358 
0.158821612597 -0.138278618455 -0.0343985743821 
0.139260649681 -0.07363554835320001 0.110932141542 
0.1388451159 -0.136176332831 -0.02418172732 
0.158821612597 -0.138278618455 -0.0343985743821 
-0.447456687689 -0.203468486667 0.165660396218 
-0.568704426289 -0.133500799537 0.0749780312181 
-0.336934506893 -0.302930772305 0.171798095107 
-0.447456687689 -0.203468486667 0.165660396218 
-0.516434490681 -0.126060798764 0.194708094001 
-0.556704461575 -0.102020792663 0.16631808877 
-0.518704414368 0.0574844628572 0.103920407593 
-0.518704473972 0.0464792177081 0.114198103547 
-0.518704414368 -0.125810801983 0.06884811073539999 
-0.518704414368 -0.125810801983 0.06884811073539999 
-0.518707036972 -0.0357369594276 0.0409927107394 
-0.518707633018 0.0406246222556 0.0478037446737 
0.0321754775941 0.0804992243648 0.349468111992 
0.06328549981120001 0.0777892321348 0.336698114872 
0.0455955080688 -0.0451607517898 0.220098093152 
0.219295501709 0.0454092398286 0.129428297281 
0.219295471907 0.025252180174 0.163713425398 
0.219295501709 0.00699924491346 0.0772280842066 
-0.336934506893 -0.302930772305 0.171798095107 
-0.48585447669 -0.168250799179 0.09404800832269999 
-0.262604504824 -0.168250799179 0.0940481573343 
-0.235010519624 -0.282914668322 0.194238394499 
-0.246184229851 -0.299417197704 0.1817625314 
-0.266474604607 -0.141545385122 0.135744020343 
0.158731535077 -0.272154986858 0.272853165865 
0.14712549746 -0.285550802946 0.265758216381 
0.146717607975 -0.277418196201 0.249955281615 
0.210402220488 -0.257748097181 0.284545868635 
0.213705599308 -0.255642592907 0.286161869764 
0.199998006225 -0.257329851389 0.298899233341 
0.21032550931 -0.254600703716 0.293198108673 
0.212272942066 -0.252569794655 0.285907894373 
0.21578001976 -0.225635364652 0.312994837761 
-0.08210449665779999 -0.24025079608 0.285198092461 
-0.08090595155950001 -0.246533751488 0.282115519047 
-0.109139479697 -0.245179742575 0.278275758028 
0.218545496464 -0.247150793672 0.276368111372 
0.216043233871 -0.24339492619 0.268135130405 
0.215045616031 -0.214537724853 0.297921776772 
0.177618786693 -0.165691807866 0.160391122103 
0.153005495667 -0.248050794005 0.227258205414 
0.159305498004 -0.142470702529 0.180878192186 
0.125965490937 -0.251120686531 0.255348086357 
0.128625497222 -0.0595607794821 0.183238103986 
0.153435498476 -0.0912907794118 0.168578207493 
0.0361555106938 -0.237670794129 0.292298108339 
0.00326969800517 -0.238803401589 0.293068528175 
0.00329549983144 -0.0463707670569 0.225558206439 
0.189929962158 -0.14623901248 0.353319972754 
0.191855236888 -0.195554539561 0.34799978137 
0.186747640371 -0.235316976905 0.327532231808 
0.219295471907 -0.150358706713 0.176098614931 
0.219295501709 -0.117390699685 0.199408084154 
0.189929962158 -0.14623901248 0.353319972754 
0.221805721521 -0.139849960804 0.176690593362 
0.207396879792 -0.167797386646 0.164503633976 
0.159305498004 -0.142470702529 0.180878192186 
-0.518704473972 0.0540191978216 0.105577997863 
-0.518704354763 -0.126309275627 0.067903958261 
-0.518704652786 0.0683174803853 0.054220199585 
-0.568704426289 -0.125290796161 0.06955810636280001 
-0.568704426289 -0.110330797732 0.124658003449 
-0.568704426289 -0.0637448653579 0.0462138168514 
0.219295471907 -0.08533250540490001 0.12195686996 
0.199295476079 -0.0853356570005 0.12195738405 
0.199295476079 -0.091001495719 0.0746526792645 
-0.568703234196 -0.08419490605590001 -0.00870052259415 
-0.588724851608 -0.0784983411431 -0.0529272556305 
-0.518709659576 -0.0869908705354 -0.009020168334249999 
0.239295497537 -0.0902007296681 0.330858111382 
0.239295497537 -0.0345507413149 0.07984817028049999 
0.239295497537 0.00449924496934 0.088508144021 
0.0321754775941 0.0804992243648 0.349468111992 
0.0455955080688 -0.0451607517898 0.220098093152 
0.00329549983144 -0.0463707670569 0.225558206439 
-0.0290600191802 0.0818487554789 0.350736677647 
0.00329549983144 -0.0463707670569 0.225558206439 
-0.149181514978 -0.0408181771636 0.19691863656 
-0.145960688591 0.0671972632408 0.303266584873 
-0.0290600191802 0.0818487554789 0.350736677647 
-0.149181514978 -0.0408181771636 0.19691863656 
0.0455955080688 -0.0451607517898 0.220098093152 
0.06328549981120001 0.0777892321348 0.336698114872 
0.0968482941389 0.072357788682 0.311656177044 
-0.513860285282 0.0247824862599 0.216800615191 
-0.521784484386 0.01763924025 0.22733810544 
-0.474279940128 0.0153168486431 0.237790986896 
-0.481216967106 0.0307335462421 0.243560791016 
-0.48857447505 0.0237692296505 0.254428088665 
-0.452312618494 0.0334509275854 0.27720656991 
0.159295514226 0.0230229571462 0.191907539964 
0.159295514226 0.0292840953916 0.230788573623 
0.219296380877 0.0292859636247 0.231847420335 
-0.446848899126 0.0363036617637 0.26873126626 
-0.453614503145 0.0294591896236 0.279878109694 
-0.412912815809 0.0391534417868 0.302812963724 
-0.518474042416 0.0301833003759 0.14101266861 
-0.568704426289 0.0372992306948 0.135258197784 
-0.552354514599 0.0377691984177 0.149648100138 
-0.337242305279 0.0348394848406 0.348829656839 
-0.255462348461 0.0488880164921 0.37935218215 
-0.333062648773 0.0441348813474 0.337965458632 
-0.475342214108 0.0405467227101 0.233853638172 
-0.484454482794 0.0404391884804 0.24555799365 
-0.447625100613 0.0485037229955 0.267175585032 
-0.358064711094 0.0669702142477 0.285806119442 
-0.213904485106 0.0489511080086 0.201331064105 
-0.498683154583 0.0468392930925 0.190897971392 
0.19929549098 0.0523492358625 0.124888196588 
0.199709698558 0.08007694780830001 0.106467299163 
0.159709900618 0.0801957026124 0.106535300612 
-0.204911842942 0.0532980337739 0.221399232745 
-0.357104480267 0.0668891891837 0.285438090563 
-0.31998449564 0.0708092078567 0.303888082504 
-0.199124500155 0.0554091967642 0.231438100338 
-0.31998449564 0.0708092078567 0.303888082504 
-0.281764507294 0.0743092000484 0.320347994566 
0.195529475808 0.0602893047035 0.397333055735 
-0.138945192099 0.0660498067737 0.413922727108 
0.0387356542051 0.0608401484787 0.422804236412 
-0.199124500155 0.0554091967642 0.231438100338 
-0.281764507294 0.0743092000484 0.320347994566 
-0.242494508624 0.0773792266846 0.334768086672 
-0.159005582333 0.06581481546159999 0.280174106359 
-0.242494508624 0.0773792266846 0.334768086672 
-0.20217448473 0.0799991935492 0.347118109465 
-0.321542590857 0.0453773960471 0.312263101339 
-0.28850492835 0.06601562350990001 0.339049190283 
-0.281764507294 0.0743092000484 0.320347994566 
0.127615496516 0.0647392272949 0.275298178196 
0.0967954993248 0.07244922965760001 0.311568200588 
0.185300067067 0.0815777555108 0.35473755002 
-0.24632358551 0.0690399184823 0.348047822714 
-0.251064479351 0.0728591904044 0.361218094826 
-0.208270102739 0.07750182598829999 0.369707942009 
-0.08991719782349999 0.0848776251078 0.370066672564 
-0.0864845067263 0.0769592300057 0.33279812336 
-0.127176865935 0.0719732642174 0.309382170439 
-0.283560365438 0.0747007727623 0.324774742126 
-0.24572069943 0.06804527342320001 0.346284508705 
-0.242494508624 0.0773792266846 0.334768086672 
-0.205346941948 0.07160934060809999 0.360559076071 
-0.209334507585 0.0755892172456 0.373958081007 
-0.177233040333 0.07898986339569999 0.377515852451 
0.126604154706 0.0785607919097 0.395850807428 
-0.0932176932693 0.0801519751549 0.401594847441 
0.0161463916302 0.07650206983089999 0.411881089211 
0.08959548920389999 0.0735892057419 0.316968083382 
0.06328549981120001 0.0777892321348 0.336698114872 
0.07840548455720001 0.0851392373443 0.371298104525 
-0.0473485477269 0.0830578580499 0.361184149981 
-0.0864845067263 0.0769592300057 0.33279812336 
-0.0897645056248 0.08471923321490001 0.36932811141 
-0.173127263784 0.07382026314740001 0.361059099436 
-0.176334485412 0.08095920085909999 0.373258203268 
-0.133571580052 0.0835485830903 0.377193182707 
-0.173163235188 0.0819953903556 0.359421253204 
-0.132866203785 0.0743307471275 0.37504774332 
-0.131094500422 0.08341922610999999 0.363178104162 
0.122429557145 0.0702397525311 0.369983673096 
0.0155558772385 0.0861253365874 0.376310676336 
-0.09072647988800001 0.0801494568586 0.390452414751 
0.166794657707 0.08213745057580001 0.377203851938 
0.122429557145 0.0702397525311 0.369983673096 
-0.09072647988800001 0.0801494568586 0.390452414751 
-0.09072647988800001 0.0801494568586 0.390452414751 
0.0155558772385 0.0861253365874 0.376310676336 
-0.131632328033 0.08361404389139999 0.366085737944 
-0.447456687689 -0.203468486667 0.165660396218 
-0.423894494772 -0.196920797229 0.226478099823 
-0.486290812492 -0.145853877068 0.212105929852 
-0.518704771996 -0.150305718184 0.000187619923963 
0.13929566741 -0.122628599405 -0.079307384789 
0.139295503497 -0.00197616568767 0.162473291159 
-0.518704354763 0.0227679908276 -0.153330102563 
0.139296218753 0.132004201412 -0.109747976065 
0.13929566741 -0.122628599405 -0.079307384789 
-0.518704771996 0.150941297412 -0.00595434429124 
0.139295399189 0.0719890594482 0.119895271957 
0.139296218753 0.132004201412 -0.109747976065 
0.127615496516 0.0647392272949 0.275298178196 
0.19929549098 0.0805392414331 0.349668085575 
0.19929549098 0.0545792393386 0.227518185973 
0.219386458397 0.0261177811772 0.180856466293 
0.159292593598 0.0439778119326 0.167340964079 
0.159295499325 0.0230192579329 0.191908091307 
-0.5683180093770001 -0.104444727302 0.138050377369 
-0.568704426289 -0.133500799537 0.0749780312181 
-0.148464500904 -0.248700797558 0.261088103056 
-0.147065922618 -0.041448097676 0.186335667968 
-0.118034496903 -0.0409007966518 0.200868085027 
-0.04757675156 0.0526046492159 0.43187263608 
0.193996265531 0.0233719851822 0.383415281773 
0.188608050346 0.046455077827 0.40188151598 
-0.122728958726 -0.124340817332 0.407727956772 
0.188678354025 -0.0685798078775 0.401780873537 
-0.04757675156 0.0526046492159 0.43187263608 
0.127195611596 -0.262662321329 0.332388073206 
0.173628807068 -0.198858395219 0.350526988506 
0.188678354025 -0.0685798078775 0.401780873537 
-0.122728958726 -0.124340817332 0.407727956772 
-0.382868498564 -0.234689414501 0.234712570906 
-0.145739138126 -0.273969709873 0.309918195009 
-0.435671389103 -0.119232177734 0.272731930017 
-0.516449868679 -0.116265103221 0.190975025296 
-0.487350225449 -0.142946779728 0.215068429708 
0.188678354025 -0.0685798078775 0.401780873537 
0.217543408275 -0.0642284154892 0.378910392523 
0.193996265531 0.0233719851822 0.383415281773 
-0.435671389103 -0.119232177734 0.272731930017 
-0.487350225449 -0.142946779728 0.215068429708 
-0.382868498564 -0.234689414501 0.234712570906 
0.127195611596 -0.262662321329 0.332388073206 
0.176115483046 -0.257860690355 0.312078088522 
0.173628807068 -0.198858395219 0.350526988506 
-0.382868498564 -0.234689414501 0.234712570906 
-0.338910698891 -0.261919885874 0.230354860425 
-0.145739138126 -0.273969709873 0.309918195009 
-0.370434492826 -0.2516708076 0.215218096972 
-0.338910698891 -0.261919885874 0.230354860425 
-0.382868498564 -0.234689414501 0.234712570906 
-0.145739138126 -0.273969709873 0.309918195009 
0.0820845291018 -0.349590778351 0.232100486755 
0.0804800763726 -0.313355356455 0.28613036871 
-0.145739138126 -0.273969709873 0.309918195009 
-0.254534900188 -0.318339139223 0.201759517193 
0.0820845291018 -0.349590778351 0.232100486755 
-0.338910698891 -0.261919885874 0.230354860425 
-0.337643563747 -0.303099483252 0.171939000487 
-0.254534900188 -0.318339139223 0.201759517193 
-0.485854238272 -0.185570135713 0.107011564076 
-0.220830991864 -0.110865168273 0.157193601131 
-0.264185488224 -0.170224562287 0.0958274081349 
-0.485849916935 0.0470860078931 0.195133298635 
-0.223144486547 0.0465392284095 0.189677998424 
-0.143851816654 -0.0403690859675 0.193940386176 
-0.485854238272 -0.185570135713 0.107011564076 
-0.143851816654 -0.0403690859675 0.193940386176 
-0.220830991864 -0.110865168273 0.157193601131 
-0.025699108839 -0.241286158562 0.292779535055 
-0.053533513099 -0.0452479533851 0.220641627908 
0.00329549983144 -0.0463707670569 0.225558206439 
0.0455955080688 -0.0451607517898 0.220098093152 
0.120991744101 -0.0415512062609 0.184474185109 
0.0647407770157 -0.252063602209 0.279830902815 
0.0918050184846 -0.2526704669 0.259782224894 
0.0647407770157 -0.252063602209 0.279830902815 
0.120991744101 -0.0415512062609 0.184474185109 
-0.0249359980226 -0.258434295654 0.289357662201 
-0.025699108839 -0.241286158562 0.292779535055 
0.035591956228 -0.24345882237 0.287118792534 
-0.221142873168 -0.112790636718 0.157064810395 
-0.171284496784 -0.0643907487392 0.181637987494 
-0.148612812161 -0.24865655601 0.261300623417 
-0.07857888937 -0.248101204634 0.271674364805 
-0.176299020648 -0.260863244534 0.225812599063 
-0.110495433211 -0.245193511248 0.281277835369 
-0.176299020648 -0.260863244534 0.225812599063 
-0.212005645037 -0.28957337141 0.214156225324 
-0.222256019711 -0.273891746998 0.212344869971 
-0.221396550536 -0.28727966547 0.196903839707 
-0.222256019711 -0.273891746998 0.212344869971 
-0.212005645037 -0.28957337141 0.214156225324 
0.06278104335070001 -0.259618967772 0.275131821632 
-0.114587917924 -0.319800436497 0.182033374906 
-0.0249359980226 -0.258434295654 0.289357662201 
-0.119698494673 -0.320150703192 0.181748107076 
-0.124004498124 -0.359880775213 0.20467799902 
-0.235192373395 -0.320150136948 0.181745603681 
-0.184019774199 -0.290448904037 0.211724758148 
-0.0793887674809 -0.260978609324 0.281920403242 
-0.114802747965 -0.324517518282 0.18580070138 
-0.139638587832 -0.342331677675 0.226014897227 
-0.254131644964 -0.316720962524 0.200747251511 
-0.124324224889 -0.36142462492 0.205588266253 
0.138608649373 -0.288814723492 0.268024206161 
0.0810599699616 -0.308700203896 0.284023612738 
0.0665878653526 -0.329931646585 0.222568541765 
0.0495506264269 -0.357798993587 0.204629585147 
0.0772767961025 -0.328195184469 0.226836442947 
-0.14031021297 -0.345312148333 0.228328987956 
-0.33777692914 -0.259992063046 0.228527143598 
-0.370464771986 -0.253720700741 0.217033684254 
-0.338245809078 -0.292896717787 0.184529095888 
-0.58870434761 -0.0446033291519 -0.0440034270287 
-0.58870446682 -0.0189459137619 0.0517712384462 
-0.5887044072149999 0.00495966803282 -0.0672795176506 
-0.58870434761 0.0545248389244 -0.0439885891974 
-0.58870434761 0.0627735182643 0.0175761226565 
-0.5887044072149999 0.0283461753279 0.0498579405248 
-0.58870446682 -0.0542855001986 0.009921436198059999 
-0.5674123167989999 0.0247950255871 0.171186923981 
-0.568704426289 0.0280192196369 0.0801381021738 
-0.568767607212 -0.0176003370434 0.0818741470575 
-0.568704426289 0.0280192196369 0.0801381021738 
-0.5674123167989999 0.0247950255871 0.171186923981 
-0.568704605103 0.0453555397689 0.11318974942 
-0.518704414368 -0.018969764933 -0.0636747553945 
-0.518704414368 -0.0189459230751 0.0517712421715 
-0.518704414368 -0.0589794591069 -0.00594958523288 
-0.518704414368 0.0429861620069 -0.055527344346 
-0.518704414368 0.0662592127919 -0.00607577292249 
-0.518704414368 0.0431409440935 0.0435592457652 
0.209295496345 0.0049542998895 -0.00595687935129 
0.209295496345 0.0795640647411 -0.052649024874 
0.209295496345 0.0877546742558 0.0176213067025 
0.209295481443 -0.08005712181330001 -0.0195794291794 
0.209295496345 -0.0429449081421 -0.0797985941172 
0.209295496345 -0.084498628974 0.0510319694877 
0.209295481443 0.0619398057461 0.08349835872649999 
0.199112713337 0.0817968696356 0.0295433029532 
0.199323937297 0.08077360689639999 -0.0553440079093 
0.199662968516 0.134585916996 -0.0596126914024 
0.199323937297 0.08077360689639999 -0.0553440079093 
0.19931781292 -0.009830389171840001 -0.0931137129664 
0.199280664325 0.0451585389674 -0.138355538249 
0.19931781292 -0.009830389171840001 -0.0931137129664 
0.199264660478 -0.07739134877919999 -0.0375031083822 
0.19882388413 -0.101980432868 -0.0937303900719 
0.198599740863 -0.132728710771 0.00761653902009 
0.199264660478 -0.07739134877919999 -0.0375031083822 
0.199302613735 -0.07693048566580001 0.0168696772307 
0.219295501709 -0.0857507809997 0.0566680878401 
0.219295501709 -0.0320507399738 0.0685781911016 
0.219295471907 -0.09124235808849999 0.0987906455994 
0.198599740863 -0.132728710771 0.00761653902009 
0.199302613735 -0.07693048566580001 0.0168696772307 
0.198681369424 -0.0967124998569 0.0718322098255 
0.139397636056 0.00161939614918 0.132206782699 
0.139761433005 0.104345202446 0.09336387366060001 
0.138897031546 -0.0600630939007 -0.127878755331 
0.139761433005 0.104345202446 0.09336387366060001 
0.139682754874 0.142872273922 -0.0193907916546 
0.138897031546 -0.0600630939007 -0.127878755331 
0.139418929815 0.101961515844 -0.102626033127 
0.138897031546 -0.0600630939007 -0.127878755331 
0.139682754874 0.142872273922 -0.0193907916546 
0.139147102833 0.0318746939301 -0.140093997121 
0.138897031546 -0.0600630939007 -0.127878755331 
0.139418929815 0.101961515844 -0.102626033127 
0.139115169644 -0.0965101197362 0.08949168771509999 
0.138897031546 -0.0600630939007 -0.127878755331 
0.138843208551 -0.132422849536 -0.033211402595 
0.139397636056 0.00161939614918 0.132206782699 
0.138897031546 -0.0600630939007 -0.127878755331 
0.139115169644 -0.0965101197362 0.08949168771509999 
-0.518704533577 -0.07514564692969999 0.110086970031 
-0.518704295158 0.00364902499132 -0.0113166794181 
-0.518704414368 -0.12827065587 0.0267067719251 
-0.518704414368 -0.119743265212 -0.0716907903552 
-0.518704414368 -0.0282482132316 -0.140691623092 
-0.518704414368 0.0535899326205 -0.134197115898 
-0.518704473972 0.129649698734 -0.0716951340437 
-0.518704414368 0.129898712039 0.0594419836998 
-0.518704473972 0.06823921203610001 0.114628091455 
-0.518704473972 0.00494922604412 0.130228102207 
-0.518704473972 0.06935325264930001 0.117613814771 
0.139368116856 0.00509166717529 0.13134662807 
0.139295503497 0.06823924928900001 0.114628091455 
0.137295499444 -0.0580807849765 0.18384809792 
0.137295499444 -0.0181307606399 0.192708089948 
0.13964676857 -0.014760822989 0.131688654423 
0.159295499325 -0.09504074603319999 0.165738105774 
0.159295499325 -0.0595907568932 0.183338195086 
0.159295499325 -0.0485407598317 0.136468201876 
-0.241344496608 -0.136390790343 0.135538190603 
-0.220971986651 -0.112607650459 0.156373128295 
-0.237345576286 -0.275742799044 0.194069519639 
-0.220971986651 -0.112607650459 0.156373128295 
-0.203484490514 -0.258290797472 0.226708099246 
-0.237345576286 -0.275742799044 0.194069519639 
-0.0547059625387 -0.237617492676 0.292605578899 
-0.148464500904 -0.248700797558 0.261088103056 
-0.11794231087 -0.0409878902137 0.200607597828 
-0.061950456351 -0.320150703192 0.181748196483 
-0.00304396008141 -0.364916175604 0.201960906386 
-0.124004498124 -0.359880775213 0.20467799902 
-0.0445166006684 -0.325089871883 0.369364321232 
0.0187033079565 -0.305461555719 0.385165095329 
-0.030367506668 -0.305566489697 0.376252114773 
0.0584750361741 -0.336652189493 0.35884642601 
0.0622927844524 -0.332850337029 0.347961723804 
0.0187033079565 -0.305461555719 0.385165095329 
0.0584750361741 -0.336652189493 0.35884642601 
0.0381625369191 -0.377405166626 0.309378355742 
0.0622927844524 -0.332850337029 0.347961723804 
-0.0280187986791 -0.299824208021 0.389277338982 
-0.0509912110865 -0.278754889965 0.336081534624 
-0.0526855438948 -0.371411114931 0.317661136389 
0.0753846690059 -0.366474598646 0.322770982981 
0.0586657710373 -0.276206046343 0.338750004768 
-0.0280187986791 -0.299824208021 0.389277338982 
0.0753846690059 -0.366474598646 0.322770982981 
-0.0526855438948 -0.371411114931 0.317661136389 
-0.00491722114384 -0.362457275391 0.252410888672 
-0.0532918125391 -0.329341351986 0.285472869873 
-0.0565902590752 -0.290653675795 0.324160754681 
-0.104755707085 -0.331049263477 0.283699244261 
-0.0153306005523 -0.265166759491 0.349704742432 
-0.0392792485654 -0.235506281257 0.379336535931 
-0.0565902590752 -0.290653675795 0.324160754681 
-0.0153306005523 -0.265166759491 0.349704742432 
0.0447221174836 -0.272565841675 0.342378526926 
0.0359395779669 -0.23231215775 0.382626950741 
0.0661939680576 -0.317380428314 0.297586679459 
0.108394213021 -0.277763217688 0.337262630463 
0.0447221174836 -0.272565841675 0.342378526926 
0.0327668935061 -0.348074495792 0.266847521067 
0.101930141449 -0.346060335636 0.26894775033 
0.0661939680576 -0.317380428314 0.297586679459 
0.0327668935061 -0.348074495792 0.266847521067 
-0.0532918125391 -0.329341351986 0.285472869873 
-0.0503833554685 -0.378245085478 0.236565247178 
-0.0157334227115 -0.351306140423 0.263553142548 
-0.114966735244 -0.305307596922 0.309428691864 
-0.0754199177027 -0.331935107708 0.248139798641 
-0.0208093263209 -0.389233708382 0.225612476468 
-0.000905113178305 -0.222655639052 0.392234474421 
-0.0495617650449 -0.211476430297 0.360131204128 
-0.114966735244 -0.305307596922 0.309428691864 
0.123301386833 -0.315847158432 0.299201667309 
0.0826654061675 -0.233096301556 0.344013661146 
-0.000905113178305 -0.222655639052 0.392234474421 
0.123301386833 -0.315847158432 0.299201667309 
-0.0208093263209 -0.389233708382 0.225612476468 
0.130315870047 -0.287801116705 0.240288466215 
-0.119772069156 -0.35067871213 0.235058739781 
0.111899852753 -0.221449881792 0.364597767591 
0.08544013649230001 -0.239021450281 0.346989512444 
0.149726614356 -0.293732523918 0.292354106903 
-0.108987979591 -0.294164448977 0.277374267578 
-0.088586486876 -0.329570680857 0.241969794035 
-0.119772039354 -0.343615561724 0.22798538208 
-0.132760509849 -0.247099071741 0.324496984482 
-0.108987979591 -0.294164448977 0.277374267578 
-0.142158299685 -0.296414405107 0.275160014629 
-0.0208093263209 -0.389233708382 0.225612476468 
-0.0754199177027 -0.331935107708 0.248139798641 
-0.0846475213766 -0.329523921013 0.198300167918 
0.199781015515 0.0948633477092 0.122599467635 
0.199440613389 0.110842570662 -0.105328291655 
0.159706071019 0.151570558548 -0.0202867686749 
0.199440613389 0.110842570662 -0.105328291655 
0.198775365949 -0.111647635698 -0.108148917556 
0.158821880817 -0.0719343498349 -0.150013804436 
0.198775365949 -0.111647635698 -0.108148917556 
0.199085786939 -0.109244853258 0.07011845707890001 
0.159081757069 -0.11116348207 0.0712344422936 
0.159117281437 0.0113864755258 0.134080961347 
0.159786596894 0.158859357238 0.0143198883161 
0.139321699739 0.016613567248 0.154143705964 
0.139321699739 0.016613567248 0.154143705964 
0.159786596894 0.158859357238 0.0143198883161 
0.139632433653 0.142367184162 -0.0474476628006 
0.159786596894 0.158859357238 0.0143198883161 
0.15906240046 0.009675900451840001 -0.151004448533 
0.139632433653 0.142367184162 -0.0474476628006 
0.15906240046 0.009675900451840001 -0.151004448533 
0.158821612597 -0.138278618455 -0.0343985743821 
0.139003843069 -0.009256758727130001 -0.15230627358 
0.159261390567 -0.0728074833751 0.109857171774 
0.139260649681 -0.07363554835320001 0.110932141542 
0.158821612597 -0.138278618455 -0.0343985743821 
0.0978155210614 -0.310100793839 0.226368099451 
0.0563330054283 -0.34629881382 0.203876331449 
0.0517575070262 -0.288005679846 0.208111569285 
-0.25352448225 -0.302830785513 0.171748101711 
-0.336934506893 -0.302930772305 0.171798095107 
-0.262604504824 -0.168250799179 0.0940481573343 
0.160677939653 -0.270450741053 0.251801908016 
0.158731535077 -0.272154986858 0.272853165865 
0.146717607975 -0.277418196201 0.249955281615 
0.207089081407 -0.258710235357 0.282515436411 
0.201111525297 -0.25890532136 0.287831008434 
0.2011372298 -0.247637629509 0.267482370138 
0.175478816032 -0.261448979378 0.255922853947 
0.169593885541 -0.18775588274 0.186455070972 
0.187076568604 -0.263595581055 0.253945916891 
0.216275498271 -0.254530698061 0.273238182068 
0.20956389606 -0.246554940939 0.266134381294 
0.214536130428 -0.248483344913 0.274958312511 
0.153005495667 -0.248050794005 0.227258205414 
0.125965490937 -0.251120686531 0.255348086357 
0.153435498476 -0.0912907794118 0.168578207493 
0.0455955080688 -0.0451607517898 0.220098093152 
0.0361555106938 -0.237670794129 0.292298108339 
0.00329549983144 -0.0463707670569 0.225558206439 
0.222909852862 -0.212504148483 0.294831693172 
0.189929962158 -0.14623901248 0.353319972754 
0.186747640371 -0.235316976905 0.327532231808 
0.222909852862 -0.212504148483 0.294831693172 
0.219295501709 -0.239310696721 0.264988094568 
0.219295471907 -0.150358706713 0.176098614931 
0.222909852862 -0.212504148483 0.294831693172 
0.219295471907 -0.150358706713 0.176098614931 
0.189929962158 -0.14623901248 0.353319972754 
0.219295501709 -0.090200766921 0.330858111382 
0.219295501709 -0.142260700464 0.311578184366 
0.219295501709 -0.109935440123 0.185797765851 
-0.48585447669 -0.128870800138 0.142668098211 
-0.519177258015 -0.09789611399170001 0.128081962466 
-0.48585447669 -0.10397080332 0.161778107285 
0.215578317642 -0.0845876708627 0.07233214378360001 
0.219295471907 -0.08533250540490001 0.12195686996 
0.199295476079 -0.091001495719 0.0746526792645 
0.219295501709 -0.08601368963720001 0.1228178069 
-0.568703234196 -0.08419490605590001 -0.00870052259415 
-0.57870388031 -0.0809415206313 0.0170592870563 
-0.588724851608 -0.0784983411431 -0.0529272556305 
-0.518704414368 -0.0729907974601 -0.0509518384933 
-0.518709659576 -0.0869908705354 -0.009020168334249999 
-0.588724851608 -0.0784983411431 -0.0529272556305 
0.219295501709 -0.00593872042373 0.359187155962 
0.219295501709 -0.0607412792742 0.358994781971 
0.219295501709 0.0247669741511 0.19476480782 
0.239295497537 -0.0511507801712 0.339518070221 
-0.00682451017201 0.0812492370605 0.352977961302 
0.0321754775941 0.0804992243648 0.349468111992 
0.00329549983144 -0.0463707670569 0.225558206439 
0.0858655050397 -0.0416707620025 0.204338207841 
0.0455955080688 -0.0451607517898 0.220098093152 
0.0968482941389 0.072357788682 0.311656177044 
0.127615496516 0.0647392272949 0.275298178196 
0.167703390121 0.034990157932 0.20306289196 
0.128625497222 -0.0165307596326 0.192778199911 
0.219295501709 -0.0511507801712 0.339518070221 
0.219295501709 0.0256231054664 0.18307505548 
0.219295471907 0.0619495511055 0.0901840031147 
-0.48585447669 0.0465391911566 0.189677998424 
-0.48585447669 0.0154191991314 0.193768188357 
-0.51925110817 0.0270162187517 0.16162841022 
0.204693138599 0.0234466828406 0.395804822445 
0.208616182208 0.0224998109043 0.375286996365 
0.196526631713 0.0553587153554 0.379924148321 
0.219295501709 0.0230215452611 0.191907718778 
0.159295514226 0.0230229571462 0.191907539964 
0.219296380877 0.0292859636247 0.231847420335 
0.219295501709 0.0220092386007 0.364458084106 
0.219295501709 0.031982075423 0.231154188514 
0.219295501709 0.0616668313742 0.360395431519 
-0.480484485626 0.046579208225 0.239128082991 
-0.504145026207 0.023961333558 0.205661609769 
-0.480859220028 0.0321717076004 0.242583140731 
-0.223144486547 0.0465392284095 0.189677998424 
-0.199068516493 0.0558091327548 0.231653481722 
-0.199094504118 0.0175392106175 0.193478107452 
-0.402894496918 0.0613492205739 0.281448096037 
-0.433019548655 0.0274529252201 0.250422805548 
-0.405127555132 0.0483477786183 0.287842005491 
0.159295499325 0.0523492358625 0.124888196588 
0.19929549098 0.0523492358625 0.124888196588 
0.159709900618 0.0801957026124 0.106535300612 
-0.179424494505 0.0611592084169 0.258488178253 
-0.199124500155 0.0554091967642 0.231438100338 
-0.242494508624 0.0773792266846 0.334768086672 
-0.361664503813 0.0675091892481 0.293888092041 
-0.400480628014 0.0619943216443 0.277313292027 
-0.365252137184 0.0565922521055 0.302896410227 
-0.324064463377 0.0714791938663 0.312558084726 
-0.363792270422 0.0665360987186 0.29809910059 
-0.327265232801 0.0605920404196 0.321729451418 
0.163255497813 0.08235923945900001 0.358208090067 
0.09249804914 0.0728082284331 0.313836574554 
0.122095495462 0.0839692354202 0.365768074989 
-0.172064498067 0.081629216671 0.354788005352 
-0.08991719782349999 0.0848776251078 0.370066672564 
-0.127176865935 0.0719732642174 0.309382170439 
0.122095495462 0.0839692354202 0.365768074989 
0.08959548920389999 0.0735892057419 0.316968083382 
0.07840548455720001 0.0851392373443 0.371298104525 
0.07840548455720001 0.0851392373443 0.371298104525 
0.06328549981120001 0.0777892321348 0.336698114872 
0.0321821346879 0.08325317502019999 0.362672477961 
-0.0481245070696 0.08555919677020001 0.3732380867 
-0.00619450956583 0.0859092399478 0.37489810586 
-0.0148909445852 0.0804186984897 0.349002301693 
-0.518704473972 0.09188922494649999 0.0173380989581 
-0.518710613251 0.09427790343759999 -0.0295458454639 
-0.588695049286 0.09216707944870001 0.0171975512058 
-0.588695049286 0.09216707944870001 0.0171975512058 
-0.518710613251 0.09427790343759999 -0.0295458454639 
-0.5887044072149999 0.0907092243433 -0.0289318785071 
-0.518704771996 -0.150305718184 0.000187619923963 
-0.518704354763 0.0227679908276 -0.153330102563 
0.13929566741 -0.122628599405 -0.079307384789 
-0.518704533577 0.00407018652186 0.136708840728 
-0.518704771996 -0.150305718184 0.000187619923963 
0.139295503497 -0.00197616568767 0.162473291159 
-0.518704771996 0.150941297412 -0.00595434429124 
0.139296218753 0.132004201412 -0.109747976065 
-0.518704354763 0.0227679908276 -0.153330102563 
-0.518704771996 0.150941297412 -0.00595434429124 
-0.518704414368 0.0700184777379 0.11716286093 
0.139295399189 0.0719890594482 0.119895271957 
0.159295499325 0.0544392392039 0.226838201284 
0.127615496516 0.0647392272949 0.275298178196 
0.19929549098 0.0545792393386 0.227518185973 
0.0967954993248 0.07244922965760001 0.311568200588 
0.127615496516 0.0647392272949 0.275298178196 
0.116733625531 -0.0622630305588 0.218704670668 
-0.04757675156 0.0526046492159 0.43187263608 
0.188678354025 -0.0685798078775 0.401780873537 
0.193996265531 0.0233719851822 0.383415281773 
-0.04757675156 0.0526046492159 0.43187263608 
-0.37817505002 0.0318119041622 0.337557375431 
-0.122728958726 -0.124340817332 0.407727956772 
-0.37817505002 0.0318119041622 0.337557375431 
-0.435671389103 -0.119232177734 0.272731930017 
-0.122728958726 -0.124340817332 0.407727956772 
-0.122728958726 -0.124340817332 0.407727956772 
0.127195611596 -0.262662321329 0.332388073206 
0.188678354025 -0.0685798078775 0.401780873537 
-0.122728958726 -0.124340817332 0.407727956772 
-0.435671389103 -0.119232177734 0.272731930017 
-0.382868498564 -0.234689414501 0.234712570906 
-0.122728958726 -0.124340817332 0.407727956772 
-0.145739138126 -0.273969709873 0.309918195009 
0.127195611596 -0.262662321329 0.332388073206 
-0.37817505002 0.0318119041622 0.337557375431 
-0.557785570621 0.000625317974482 0.198974907398 
-0.435671389103 -0.119232177734 0.272731930017 
-0.557785570621 0.000625317974482 0.198974907398 
-0.556729435921 -0.102580904961 0.169608309865 
-0.435671389103 -0.119232177734 0.272731930017 
-0.435671389103 -0.119232177734 0.272731930017 
-0.556729435921 -0.102580904961 0.169608309865 
-0.516449868679 -0.116265103221 0.190975025296 
0.127195611596 -0.262662321329 0.332388073206 
-0.145739138126 -0.273969709873 0.309918195009 
0.0804800763726 -0.313355356455 0.28613036871 
0.127195611596 -0.262662321329 0.332388073206 
0.0804800763726 -0.313355356455 0.28613036871 
0.126327887177 -0.280744016171 0.267562359571 
-0.145739138126 -0.273969709873 0.309918195009 
-0.338910698891 -0.261919885874 0.230354860425 
-0.254534900188 -0.318339139223 0.201759517193 
-0.485854238272 -0.185570135713 0.107011564076 
-0.485849916935 0.0470860078931 0.195133298635 
-0.143851816654 -0.0403690859675 0.193940386176 
0.00329551007599 -0.236740797758 0.294847995043 
-0.025699108839 -0.241286158562 0.292779535055 
0.00329549983144 -0.0463707670569 0.225558206439 
-0.025699108839 -0.241286158562 0.292779535055 
-0.07857888937 -0.248101204634 0.271674364805 
-0.054204531014 -0.238350793719 0.290244907141 
-0.025699108839 -0.241286158562 0.292779535055 
-0.054204531014 -0.238350793719 0.290244907141 
-0.053533513099 -0.0452479533851 0.220641627908 
0.035591956228 -0.24345882237 0.287118792534 
0.0455955080688 -0.0451607517898 0.220098093152 
0.0647407770157 -0.252063602209 0.279830902815 
0.125965490937 -0.251120686531 0.255348086357 
0.0918050184846 -0.2526704669 0.259782224894 
0.120991744101 -0.0415512062609 0.184474185109 
-0.176299020648 -0.260863244534 0.225812599063 
-0.221142873168 -0.112790636718 0.157064810395 
-0.148612812161 -0.24865655601 0.261300623417 
-0.148612812161 -0.24865655601 0.261300623417 
-0.110495433211 -0.245193511248 0.281277835369 
-0.176299020648 -0.260863244534 0.225812599063 
-0.225603729486 -0.275734692812 0.198326900601 
-0.176299020648 -0.260863244534 0.225812599063 
-0.222256019711 -0.273891746998 0.212344869971 
-0.0249359980226 -0.258434295654 0.289357662201 
-0.114587917924 -0.319800436497 0.182033374906 
-0.07857888937 -0.248101204634 0.271674364805 
0.035591956228 -0.24345882237 0.287118792534 
0.06278104335070001 -0.259618967772 0.275131821632 
-0.0249359980226 -0.258434295654 0.289357662201 
0.06278104335070001 -0.259618967772 0.275131821632 
0.12220492959 -0.274309635162 0.238882988691 
0.0594957321882 -0.316633433104 0.180658951402 
0.0594957321882 -0.316633433104 0.180658951402 
-0.114587917924 -0.319800436497 0.182033374906 
0.06278104335070001 -0.259618967772 0.275131821632 
-0.23519448936 -0.320150703192 0.181748107076 
-0.184019774199 -0.290448904037 0.211724758148 
-0.114802747965 -0.324517518282 0.18580070138 
-0.184019774199 -0.290448904037 0.211724758148 
-0.20451669395 -0.29722738266 0.234607622027 
-0.0793887674809 -0.260978609324 0.281920403242 
0.126285001636 -0.281926095486 0.302879780531 
0.138608649373 -0.288814723492 0.268024206161 
0.150692939758 -0.257448345423 0.279829144478 
0.102266214788 -0.320662617683 0.235148653388 
0.138608649373 -0.288814723492 0.268024206161 
0.0665878653526 -0.329931646585 0.222568541765 
0.0495506264269 -0.357798993587 0.204629585147 
-0.14031021297 -0.345312148333 0.228328987956 
-0.124004498124 -0.359880775213 0.20467799902 
-0.518703877926 0.0433253794909 0.124622821808 
-0.518704473972 -0.108800798655 0.120378099382 
-0.568703770638 -0.0319010838866 0.16432005167 
-0.5674123167989999 0.0247950255871 0.171186923981 
-0.568767607212 -0.0176003370434 0.0818741470575 
0.19977965951 0.131447479129 0.0464560687542 
0.198266789317 0.0540807507932 0.124349154532 
0.199112713337 0.0817968696356 0.0295433029532 
0.19977965951 0.131447479129 0.0464560687542 
0.199112713337 0.0817968696356 0.0295433029532 
0.199662968516 0.134585916996 -0.0596126914024 
0.199662968516 0.134585916996 -0.0596126914024 
0.199323937297 0.08077360689639999 -0.0553440079093 
0.199280664325 0.0451585389674 -0.138355538249 
0.199280664325 0.0451585389674 -0.138355538249 
0.19931781292 -0.009830389171840001 -0.0931137129664 
0.19896247983 -0.034437559545 -0.135915413499 
0.19896247983 -0.034437559545 -0.135915413499 
0.19931781292 -0.009830389171840001 -0.0931137129664 
0.19882388413 -0.101980432868 -0.0937303900719 
0.198599740863 -0.132728710771 0.00761653902009 
0.19882388413 -0.101980432868 -0.0937303900719 
0.199264660478 -0.07739134877919999 -0.0375031083822 
0.159295499325 -0.00676074950024 0.145728096366 
0.159295499325 -0.016590770334 0.192878082395 
0.159295499325 0.0271122064441 0.182608962059 
-0.518704473972 0.00494922604412 0.130228102207 
0.139368116856 0.00509166717529 0.13134662807 
-0.518704473972 0.06935325264930001 0.117613814771 
0.139295503497 -0.0472507476807 0.137138202786 
0.137295499444 -0.0580807849765 0.18384809792 
0.13964676857 -0.014760822989 0.131688654423 
0.0535455308855 -0.320150703192 0.181748196483 
0.0128175355494 -0.363276362419 0.211198732257 
-0.0618098452687 -0.321046739817 0.179979860783 
0.0978155210614 -0.310100793839 0.226368099451 
0.0954153388739 -0.313516676426 0.234545886517 
0.101292416453 -0.347023010254 0.207767933607 
-0.0537858940661 -0.0457139573991 0.221111908555 
-0.0547059625387 -0.237617492676 0.292605578899 
-0.11794231087 -0.0409878902137 0.200607597828 
-0.119698494673 -0.320150703192 0.181748107076 
-0.061950456351 -0.320150703192 0.181748196483 
-0.124004498124 -0.359880775213 0.20467799902 
3 312 620 174 
3 620 644 176 
3 1 17 306 
3 314 1 306 
3 727 315 306 
3 315 314 306 
3 314 315 727 
3 454 455 172 
3 455 454 90 
3 299 301 3 
3 299 314 709 
3 301 300 3 
3 454 379 84 
3 333 379 454 
3 276 454 172 
3 276 333 454 
3 333 387 306 
3 45 497 832 
3 550 832 583 
3 550 45 832 
3 45 550 84 
3 550 454 84 
3 454 550 90 
3 286 267 554 
3 724 314 727 
3 11 45 84 
3 45 11 497 
3 832 38 583 
3 38 497 583 
3 497 38 832 
3 391 686 172 
3 686 457 282 
3 457 686 456 
3 457 284 282 
3 284 457 456 
3 282 91 554 
3 284 91 282 
3 299 223 301 
3 1 20 3 
3 20 299 3 
3 20 1 314 
3 299 20 314 
3 596 550 583 
3 292 276 172 
3 395 292 172 
3 166 292 395 
3 276 292 333 
3 292 166 727 
3 292 387 333 
3 292 727 306 
3 387 292 306 
3 645 458 209 
3 314 193 709 
3 724 193 314 
3 686 695 456 
3 391 695 686 
3 455 695 172 
3 695 391 172 
3 695 284 456 
3 695 96 284 
3 695 455 90 
3 394 684 400 
3 684 458 400 
3 684 686 282 
3 458 684 282 
3 724 797 400 
3 797 724 727 
3 550 812 90 
3 412 812 550 
3 205 299 709 
3 205 223 299 
3 224 300 301 
3 224 298 300 
3 260 259 282 
3 300 483 3 
3 483 5 3 
3 5 483 300 
3 11 8 497 
3 5 8 3 
3 137 312 174 
3 300 636 312 
3 298 636 300 
3 636 620 312 
3 636 644 620 
3 175 412 550 
3 596 175 550 
3 175 812 412 
3 175 596 174 
3 193 199 709 
3 190 724 400 
3 190 193 724 
3 96 100 90 
3 100 695 90 
3 695 100 96 
3 684 393 686 
3 393 684 394 
3 686 393 172 
3 393 394 172 
3 390 394 400 
3 797 390 400 
3 390 395 172 
3 394 390 172 
3 96 809 284 
3 809 96 90 
3 812 809 90 
3 809 175 176 
3 175 809 812 
3 800 286 554 
3 286 800 644 
3 239 458 282 
3 259 239 282 
3 239 259 247 
3 250 259 260 
3 250 223 247 
3 250 282 554 
3 250 260 282 
3 224 222 298 
3 249 222 224 
3 222 249 267 
3 286 222 267 
3 222 286 644 
3 636 222 644 
3 222 636 298 
3 8 488 497 
3 488 8 5 
3 488 137 497 
3 10 8 11 
3 1 10 17 
3 10 1 3 
3 8 10 3 
3 10 11 84 
3 379 10 84 
3 10 379 333 
3 17 10 306 
3 10 333 306 
3 154 5 300 
3 154 300 312 
3 137 154 312 
3 154 488 5 
3 488 154 137 
3 137 135 497 
3 592 137 174 
3 458 651 209 
3 664 651 458 
3 209 651 709 
3 238 205 709 
3 651 238 709 
3 238 651 664 
3 223 238 247 
3 205 238 223 
3 238 664 458 
3 238 239 247 
3 239 238 458 
3 208 199 193 
3 208 645 209 
3 208 209 709 
3 199 208 709 
3 190 208 193 
3 208 190 400 
3 458 208 400 
3 208 458 645 
3 291 390 797 
3 166 291 727 
3 291 797 727 
3 291 166 395 
3 390 291 395 
3 809 547 284 
3 547 809 176 
3 259 248 247 
3 248 250 247 
3 250 248 259 
3 251 249 224 
3 251 224 301 
3 223 251 301 
3 250 251 223 
3 267 265 554 
3 265 250 554 
3 265 251 250 
3 249 265 267 
3 251 265 249 
3 497 133 583 
3 135 133 497 
3 133 135 137 
3 417 91 284 
3 547 417 284 
3 91 417 554 
3 417 800 554 
3 417 547 176 
3 644 417 176 
3 800 417 644 
3 592 141 137 
3 141 133 137 
3 133 141 583 
3 141 596 583 
3 596 141 174 
3 141 592 174 
3 175 620 176 
3 620 175 174 
Vertices and facets:
- p620(v24):  0.24 -0.051  0.34
  neighbors: f88 f92 f366 f367 f523 f524
- p312(v18):  0.22 -0.064  0.38
  neighbors: f88 f362 f363 f366 f446 f447
- p174(v1):  0.24 -0.09  0.33
  neighbors: f88 f362 f373 f453 f521 f522 f524
- p644(v25):  0.22 0.062  0.36
  neighbors: f92 f367 f408 f429 f430 f515 f516
- p176(v13):  0.24 0.0045 0.089
  neighbors: f92 f403 f487 f514 f515 f523
- p1(v28): -0.051 -0.33  0.36
  neighbors: f102 f104 f240 f242 f437 f438
- p17(v15): -0.053 -0.37  0.32
  neighbors: f102 f437 f443
- p306(v7): -0.38 -0.23  0.23
  neighbors: f102 f104 f113 f114 f164 f276 f277 f443 f444
- p314(v16): -0.44 -0.12  0.27
  neighbors: f104 f114 f115 f137 f197 f242 f243 f288 f289
- p315(v30): -0.49 -0.14  0.22
  neighbors: f113 f114 f115
- p727(v14): -0.56  -0.1  0.17
  neighbors: f113 f115 f197 f274 f276 f312 f481 f482
- p455(v32): -0.52 -0.028 -0.14
  neighbors: f121 f123 f296 f300
- p454(v11): -0.52 -0.12 -0.072
  neighbors: f121 f123 f155 f156 f159 f160 f176 f177
- p172(v0): -0.59 -0.078 -0.053
  neighbors: f121 f159 f211 f270 f271 f296 f297 f390 f391 f394 f395
- p90(v6):  0.16 -0.072 -0.15
  neighbors: f123 f177 f300 f313 f385 f386 f400 f401
- p299(v35): -0.12 -0.12  0.41
  neighbors: f136 f137 f236 f241 f243 f329 f330
- p301(v19): -0.048 0.053  0.43
  neighbors: f136 f145 f236 f336 f495 f498
- p3(v8): -0.0081 -0.31  0.39
  neighbors: f136 f145 f240 f241 f349 f350 f356 f438 f439
- p709(v5): -0.38 0.032  0.34
  neighbors: f137 f288 f329 f379 f462 f464 f465 f474 f475
- p300(v37):  0.19 -0.069   0.4
  neighbors: f145 f336 f337 f349 f351 f363 f364 f445 f446
- p379(v39): -0.12 -0.36  0.21
  neighbors: f155 f156 f441 f442
- p84(v2): -0.021 -0.39  0.23
  neighbors: f155 f175 f176 f206 f440 f441
- p333(v21): -0.34  -0.3  0.17
  neighbors: f156 f160 f164 f273 f275 f442 f444
- p276(v40): -0.52 -0.15 0.00019
  neighbors: f159 f160 f270 f273
- p387(v41): -0.37 -0.25  0.22
  neighbors: f164 f275 f277
- p45(v42): 0.035 -0.38  0.23
  neighbors: f169 f172 f175 f206 f207
- p497(v29): 0.075 -0.37  0.32
  neighbors: f169 f207 f209 f210 f352 f432 f434 f452 f505 f506
- p832(v22):   0.1 -0.35  0.21
  neighbors: f169 f170 f172 f208 f210
- p550(v43):   0.2 -0.11 -0.11
  neighbors: f170 f172 f175 f176 f177 f260 f313 f315 f368 f369
- p583(v12):  0.22 -0.25  0.27
  neighbors: f170 f208 f209 f260 f505 f519 f520
- p286(v44):   0.2 0.081  0.35
  neighbors: f178 f407 f408 f428 f429
- p267(v10):  0.17 0.082  0.38
  neighbors: f178 f427 f428 f500 f503
- p554(v3):  0.16  0.16 0.014
  neighbors: f178 f230 f407 f421 f500 f501 f512 f513
- p724(v48): -0.56 0.00063   0.2
  neighbors: f197 f289 f308 f312 f381 f382
- p11(v49):  0.02 -0.39  0.31
  neighbors: f206 f207 f352 f436 f440
- p38(v50):   0.1 -0.35  0.27
  neighbors: f208 f209 f210
- p391(v51): -0.59 0.005 -0.067
  neighbors: f211 f295 f297
- p686(v31): -0.59 0.091 -0.029
  neighbors: f211 f215 f216 f294 f295 f305 f388 f390
- p457(v52): -0.52  0.13 -0.072
  neighbors: f215 f216 f217 f218
- p282(v9): -0.52  0.15 -0.006
  neighbors: f215 f217 f230 f231 f305 f306 f338 f411 f412 f421 f422
- p456(v17): -0.52 0.054 -0.13
  neighbors: f216 f218 f294 f298
- p284(v34):  0.14  0.13 -0.11
  neighbors: f217 f218 f231 f298 f299 f398 f485 f510 f511
- p91(v55):  0.16  0.15 -0.02
  neighbors: f230 f231 f510 f512
- p223(v56): -0.14 0.066  0.41
  neighbors: f236 f330 f416 f467 f468 f498 f499
- p20(v57): -0.028  -0.3  0.39
  neighbors: f240 f241 f242 f243
- p596(v61):  0.22 -0.24  0.26
  neighbors: f260 f369 f373 f520 f521
- p292(v64): -0.57 -0.13 0.075
  neighbors: f270 f271 f272 f273 f274 f275 f276 f277
- p395(v26): -0.59 -0.054 0.0099
  neighbors: f271 f272 f394 f483 f484
- p166(v46): -0.57 -0.11  0.12
  neighbors: f272 f274 f481 f483
- p458(v66): -0.52  0.13 0.059
  neighbors: f284 f304 f306 f411 f460 f461 f469 f471 f478 f479
- p645(v65): -0.48 0.047  0.24
  neighbors: f284 f473 f479
- p209(v47): -0.45 0.049  0.27
  neighbors: f284 f460 f462 f473 f474
- p193(v67): -0.49 0.024  0.25
  neighbors: f288 f289 f379 f382 f472 f476
- p695(v68): -0.52 0.023 -0.15
  neighbors: f294 f295 f296 f297 f298 f299 f300 f386 f387
- p96(v54):  0.16 0.0097 -0.15
  neighbors: f299 f385 f387 f398 f400
- p684(v69): -0.59 0.092 0.017
  neighbors: f302 f304 f305 f306 f388 f389
- p394(v53): -0.59 0.028  0.05
  neighbors: f302 f389 f391 f392 f395
- p400(v27): -0.57 0.025  0.17
  neighbors: f302 f304 f308 f381 f392 f393 f477 f478
- p797(v70): -0.57 -0.032  0.16
  neighbors: f308 f312 f393 f480 f482
- p812(v71):   0.2 -0.034 -0.14
  neighbors: f313 f315 f371 f401 f404
- p412(v62):  0.21 -0.043 -0.08
  neighbors: f315 f368 f371
- p205(v73): -0.26 0.049  0.38
  neighbors: f329 f330 f464 f468
- p224(v74): 0.039 0.061  0.42
  neighbors: f336 f337 f425 f426 f494 f495
- p298(v60):  0.19 0.046   0.4
  neighbors: f337 f364 f425 f431
- p259(v75): -0.18 0.081  0.37
  neighbors: f338 f412 f414 f415 f491 f493
- p260(v58): -0.13 0.084  0.38
  neighbors: f338 f415 f422
- p483(v77): 0.019 -0.31  0.39
  neighbors: f349 f350 f351
- p5(v59): 0.045 -0.32  0.38
  neighbors: f350 f351 f356 f433 f445 f448
- p8(v78): 0.061 -0.36  0.34
  neighbors: f352 f356 f432 f433 f436 f439
- p137(v79):  0.22 -0.23  0.31
  neighbors: f362 f434 f447 f449 f452 f453 f507 f517 f518
- p636(v80):   0.2 0.023   0.4
  neighbors: f363 f364 f366 f367 f430 f431
- p175(v81):  0.24 -0.035  0.08
  neighbors: f368 f369 f371 f373 f403 f404 f523 f524
- p199(v83): -0.45 0.029  0.28
  neighbors: f379 f472 f475
- p190(v84): -0.52 0.018  0.23
  neighbors: f381 f382 f476 f477
- p100(v85):  0.14 -0.0093 -0.15
  neighbors: f385 f386 f387
- p393(v86): -0.59 0.063 0.018
  neighbors: f388 f389 f390 f391
- p390(v87): -0.59 -0.019 0.052
  neighbors: f392 f393 f394 f395 f480 f484
- p809(v88):   0.2 0.045 -0.14
  neighbors: f398 f400 f401 f403 f404 f485 f487
- p800(v89):   0.2  0.13 0.046
  neighbors: f407 f408 f513 f516
- p239(v90): -0.21 0.078  0.37
  neighbors: f411 f412 f414 f470 f471
- p247(v36): -0.21 0.076  0.37
  neighbors: f414 f416 f467 f470 f491 f492
- p250(v91): -0.093  0.08   0.4
  neighbors: f415 f416 f421 f422 f492 f493 f499 f501 f502
- p222(v92):   0.2  0.06   0.4
  neighbors: f425 f426 f427 f428 f429 f430 f431
- p249(v76):  0.13 0.079   0.4
  neighbors: f426 f427 f494 f503 f504
- p488(v93): 0.058 -0.34  0.36
  neighbors: f432 f433 f434 f448 f449
- p10(v94): -0.04 -0.38  0.32
  neighbors: f436 f437 f438 f439 f440 f441 f442 f443 f444
- p154(v95):  0.19  -0.2  0.35
  neighbors: f445 f446 f447 f448 f449
- p135(v96):  0.21 -0.25  0.29
  neighbors: f452 f506 f507
- p592(v97):  0.22 -0.21  0.29
  neighbors: f453 f517 f522
- p651(v99):  -0.4 0.061  0.28
  neighbors: f460 f461 f462 f465 f466
- p664(v82): -0.36 0.067   0.3
  neighbors: f461 f466 f469
- p238(v100): -0.25 0.073  0.36
  neighbors: f464 f465 f466 f467 f468 f469 f470 f471
- p208(v101): -0.48  0.04  0.25
  neighbors: f472 f473 f474 f475 f476 f477 f478 f479
- p291(v102): -0.57  -0.1  0.14
  neighbors: f480 f481 f482 f483 f484
- p547(v103):   0.2  0.11 -0.11
  neighbors: f485 f487 f511 f514
- p248(v104): -0.18 0.079  0.38
  neighbors: f491 f492 f493
- p251(v105): 0.016 0.077  0.41
  neighbors: f494 f495 f498 f499 f502 f504
- p265(v106): 0.016 0.086  0.38
  neighbors: f500 f501 f502 f503 f504
- p133(v107):  0.21 -0.26  0.29
  neighbors: f505 f506 f507 f518 f519
- p417(v108):   0.2  0.13 -0.06
  neighbors: f510 f511 f512 f513 f514 f515 f516
- p141(v109):  0.22 -0.25  0.28
  neighbors: f517 f518 f519 f520 f521 f522
- f88
    - flags: bottom simplicial seen
    - normal:    0.8847  -0.1009    0.455
    - offset: -0.3713692
    - center: 0.2320448011163333 -0.06852664177616667 0.3497621913753333 
    - vertices: p620(v24) p312(v18) p174(v1)
    - neighboring facets: f362 f524 f366
    - ridges:
- f92
    - flags: bottom simplicial seen
    - normal:    0.9851   0.1678  0.03719
    - offset: -0.2397829
    - center: 0.232628832261 0.005005098724113336 0.2628072152536667 
    - vertices: p644(v25) p620(v24) p176(v13)
    - neighboring facets: f523 f515 f367
    - ridges:
- f102
    - flags: top simplicial
    - normal:   -0.4313  -0.6865   0.5854
    - offset: -0.4636528
    - vertices: p1(v28) p17(v15) p306(v7)
    - neighboring facets: f443 f104 f437
- f104
    - flags: bottom simplicial
    - normal:   -0.4371  -0.4553   0.7756
    - offset: -0.4562682
    - vertices: p1(v28) p314(v16) p306(v7)
    - neighboring facets: f114 f102 f242
- f113
    - flags: bottom simplicial
    - normal:   -0.6442  -0.6459   0.4096
    - offset:  -0.494375
    - vertices: p315(v30) p727(v14) p306(v7)
    - neighboring facets: f276 f114 f115
- f114
    - flags: top simplicial
    - normal:    -0.548  -0.4769   0.6872
    - offset: -0.4830278
    - vertices: p315(v30) p314(v16) p306(v7)
    - neighboring facets: f104 f113 f115
- f115
    - flags: bottom simplicial
    - normal:   -0.6408  -0.3107    0.702
    - offset: -0.5076845
    - vertices: p315(v30) p314(v16) p727(v14)
    - neighboring facets: f197 f113 f114
- f121
    - flags: bottom simplicial
    - normal:   -0.4943  -0.5234   -0.694
    - offset: -0.3688277
    - vertices: p455(v32) p454(v11) p172(v0)
    - neighboring facets: f159 f296 f123
- f123
    - flags: top simplicial
    - normal:  -0.04975  -0.6014  -0.7974
    - offset: -0.1549821
    - vertices: p455(v32) p454(v11) p90(v6)
    - neighboring facets: f177 f300 f121
- f136
    - flags: top simplicial
    - normal:  -0.03232  -0.1216    0.992
    - offset: -0.4235772
    - vertices: p299(v35) p301(v19) p3(v8)
    - neighboring facets: f145 f241 f236
- f137
    - flags: top simplicial
    - normal:   -0.3883  -0.2347   0.8912
    - offset: -0.4401849
    - vertices: p299(v35) p314(v16) p709(v5)
    - neighboring facets: f288 f329 f243
- f145
    - flags: bottom simplicial
    - normal:   0.06966  -0.1104   0.9914
    - offset: -0.4190571
    - vertices: p300(v37) p301(v19) p3(v8)
    - neighboring facets: f136 f349 f336
- f155
    - flags: bottom simplicial
    - normal:   -0.1136  -0.8234   -0.556
    - offset:  -0.197396
    - vertices: p379(v39) p454(v11) p84(v2)
    - neighboring facets: f176 f441 f156
- f156
    - flags: bottom simplicial
    - normal:   -0.1472  -0.8398  -0.5226
    - offset: -0.2143579
    - vertices: p379(v39) p333(v21) p454(v11)
    - neighboring facets: f160 f155 f442
- f159
    - flags: top simplicial
    - normal:   -0.5432  -0.7727  -0.3285
    - offset:  -0.397823
    - vertices: p276(v40) p454(v11) p172(v0)
    - neighboring facets: f121 f270 f160
- f160
    - flags: top simplicial
    - normal:   -0.3757  -0.8528  -0.3626
    - offset: -0.3230037
    - vertices: p276(v40) p333(v21) p454(v11)
    - neighboring facets: f156 f159 f273
- f164
    - flags: bottom simplicial
    - normal:   -0.5209   -0.738    0.429
    - offset: -0.4733234
    - vertices: p387(v41) p333(v21) p306(v7)
    - neighboring facets: f444 f277 f275
- f169
    - flags: top simplicial
    - normal:    0.4824  -0.8751 -0.03933
    - offset: -0.3443593
    - vertices: p45(v42) p497(v29) p832(v22)
    - neighboring facets: f210 f172 f207
- f170
    - flags: top simplicial
    - normal:    0.6935  -0.6636  -0.2804
    - offset: -0.2422739
    - vertices: p550(v43) p832(v22) p583(v12)
    - neighboring facets: f208 f260 f172
- f172
    - flags: top simplicial
    - normal:    0.2813  -0.8091   -0.516
    - offset: -0.2020571
    - vertices: p550(v43) p45(v42) p832(v22)
    - neighboring facets: f169 f170 f175
- f175
    - flags: bottom simplicial
    - normal:    0.1189  -0.8004  -0.5875
    - offset: -0.1765405
    - vertices: p550(v43) p45(v42) p84(v2)
    - neighboring facets: f206 f176 f172
- f176
    - flags: top simplicial
    - normal:  -0.02438  -0.7607  -0.6487
    - offset: -0.1502352
    - vertices: p550(v43) p454(v11) p84(v2)
    - neighboring facets: f155 f175 f177
- f177
    - flags: bottom simplicial
    - normal:  -0.02597  -0.7375  -0.6748
    - offset:  -0.150162
    - vertices: p550(v43) p454(v11) p90(v6)
    - neighboring facets: f123 f313 f176
- f178
    - flags: top simplicial
    - normal:    0.2148   0.9564    0.198
    - offset: -0.1890887
    - vertices: p286(v44) p267(v10) p554(v3)
    - neighboring facets: f500 f407 f428
- f197
    - flags: top simplicial
    - normal:   -0.6503   -0.214   0.7289
    - offset: -0.5076387
    - vertices: p724(v48) p314(v16) p727(v14)
    - neighboring facets: f115 f312 f289
- f206
    - flags: top simplicial
    - normal:   0.08789  -0.9955 -0.03647
    - offset: -0.3774099
    - vertices: p11(v49) p45(v42) p84(v2)
    - neighboring facets: f175 f440 f207
- f207
    - flags: bottom simplicial
    - normal:    0.3675  -0.9298  0.02133
    - offset: -0.3753294
    - vertices: p11(v49) p45(v42) p497(v29)
    - neighboring facets: f169 f352 f206
- f208
    - flags: bottom simplicial
    - normal:    0.6248  -0.7808 0.005773
    - offset: -0.3354344
    - vertices: p38(v50) p832(v22) p583(v12)
    - neighboring facets: f170 f209 f210
- f209
    - flags: top simplicial
    - normal:    0.6246  -0.7809  0.01189
    - offset:  -0.337085
    - vertices: p38(v50) p497(v29) p583(v12)
    - neighboring facets: f505 f208 f210
- f210
    - flags: bottom simplicial
    - normal:    0.6172  -0.7868 0.005948
    - offset: -0.3367941
    - vertices: p38(v50) p497(v29) p832(v22)
    - neighboring facets: f169 f208 f209
- f211
    - flags: top simplicial
    - normal:        -1 0.0001769 -0.0003956
    - offset: -0.5887318
    - vertices: p391(v51) p686(v31) p172(v0)
    - neighboring facets: f390 f297 f295
- f215
    - flags: bottom simplicial
    - normal:   -0.5829    0.773  -0.2503
    - offset: -0.4205415
    - vertices: p457(v52) p686(v31) p282(v9)
    - neighboring facets: f305 f217 f216
- f216
    - flags: top simplicial
    - normal:   -0.6365   0.4897  -0.5959
    - offset: -0.4363483
    - vertices: p457(v52) p686(v31) p456(v17)
    - neighboring facets: f294 f218 f215
- f217
    - flags: top simplicial
    - normal:  -0.02122   0.9511   -0.308
    - offset: -0.1564056
    - vertices: p457(v52) p284(v34) p282(v9)
    - neighboring facets: f231 f215 f218
- f218
    - flags: bottom simplicial
    - normal:   -0.0469   0.6342  -0.7718
    - offset:  -0.161881
    - vertices: p457(v52) p284(v34) p456(v17)
    - neighboring facets: f298 f216 f217
- f230
    - flags: bottom simplicial
    - normal:  -0.005261   0.9785  -0.2061
    - offset: -0.1516554
    - vertices: p91(v55) p282(v9) p554(v3)
    - neighboring facets: f421 f512 f231
- f231
    - flags: bottom simplicial
    - normal:  -0.005395   0.9771  -0.2125
    - offset:  -0.151556
    - vertices: p91(v55) p284(v34) p282(v9)
    - neighboring facets: f217 f230 f510
- f236
    - flags: bottom simplicial
    - normal:   -0.1995 -0.04883   0.9787
    - offset: -0.4295898
    - vertices: p223(v56) p299(v35) p301(v19)
    - neighboring facets: f136 f498 f330
- f240
    - flags: bottom simplicial
    - normal:     -0.19  -0.5105   0.8386
    - offset: -0.4848415
    - vertices: p20(v57) p1(v28) p3(v8)
    - neighboring facets: f438 f241 f242
- f241
    - flags: top simplicial
    - normal:  -0.03359  -0.1224   0.9919
    - offset: -0.4237737
    - vertices: p20(v57) p299(v35) p3(v8)
    - neighboring facets: f136 f240 f243
- f242
    - flags: top simplicial
    - normal:   -0.4011  -0.3624   0.8413
    - offset: -0.4473982
    - vertices: p20(v57) p1(v28) p314(v16)
    - neighboring facets: f104 f243 f240
- f243
    - flags: bottom simplicial
    - normal:   -0.3822  -0.2982   0.8746
    - offset:  -0.440603
    - vertices: p20(v57) p299(v35) p314(v16)
    - neighboring facets: f137 f242 f241
- f260
    - flags: top simplicial
    - normal:    0.9529   -0.267  -0.1438
    - offset:  -0.234773
    - center: 0.211448788643 -0.2018296768266667 0.1433591196933333 
    - vertices: p596(v61) p550(v43) p583(v12)
    - neighboring facets: f170 f520 f369
- f270
    - flags: top simplicial
    - normal:   -0.6045  -0.7618   -0.233
    - offset: -0.4280146
    - vertices: p292(v64) p276(v40) p172(v0)
    - neighboring facets: f159 f271 f273
- f271
    - flags: bottom simplicial
    - normal:   -0.9795  -0.1877  0.07262
    - offset:   -0.58757
    - vertices: p292(v64) p395(v26) p172(v0)
    - neighboring facets: f394 f270 f272
- f272
    - flags: bottom simplicial
    - normal:   -0.9803   -0.179  0.08346
    - offset: -0.5876557
    - vertices: p292(v64) p166(v46) p395(v26)
    - neighboring facets: f483 f271 f274
- f273
    - flags: bottom simplicial
    - normal:    -0.535  -0.8272  -0.1718
    - offset: -0.4018225
    - vertices: p292(v64) p276(v40) p333(v21)
    - neighboring facets: f160 f275 f270
- f274
    - flags: top simplicial
    - normal:   -0.7071  -0.6408   0.2989
    - offset: -0.5101066
    - vertices: p292(v64) p166(v46) p727(v14)
    - neighboring facets: f481 f276 f272
- f275
    - flags: top simplicial
    - normal:   -0.6432  -0.7035   0.3022
    - offset: -0.4823762
    - vertices: p292(v64) p387(v41) p333(v21)
    - neighboring facets: f164 f273 f277
- f276
    - flags: top simplicial
    - normal:   -0.6461  -0.6976   0.3097
    - offset: -0.4837748
    - vertices: p292(v64) p727(v14) p306(v7)
    - neighboring facets: f113 f277 f274
- f277
    - flags: bottom simplicial
    - normal:   -0.6438  -0.7022   0.3042
    - offset: -0.4826668
    - vertices: p292(v64) p387(v41) p306(v7)
    - neighboring facets: f164 f276 f275
- f284
    - flags: bottom simplicial
    - normal:   -0.4326   0.7793   0.4534
    - offset: -0.3525813
    - vertices: p458(v66) p645(v65) p209(v47)
    - neighboring facets: f473 f460 f479
- f288
    - flags: bottom simplicial
    - normal:    -0.592  -0.1169   0.7974
    - offset: -0.4893262
    - vertices: p193(v67) p314(v16) p709(v5)
    - neighboring facets: f137 f379 f289
- f289
    - flags: bottom simplicial
    - normal:   -0.5963   -0.119   0.7939
    - offset: -0.4904973
    - vertices: p193(v67) p724(v48) p314(v16)
    - neighboring facets: f197 f288 f382
- f294
    - flags: bottom simplicial
    - normal:   -0.7064   0.3733  -0.6014
    - offset: -0.4671157
    - vertices: p695(v68) p686(v31) p456(v17)
    - neighboring facets: f216 f298 f295
- f295
    - flags: bottom simplicial
    - normal:   -0.7749    0.258   -0.577
    - offset: -0.4963013
    - vertices: p695(v68) p391(v51) p686(v31)
    - neighboring facets: f211 f294 f297
- f296
    - flags: bottom simplicial
    - normal:   -0.7222  -0.1663  -0.6714
    - offset: -0.4737589
    - vertices: p695(v68) p455(v32) p172(v0)
    - neighboring facets: f121 f297 f300
- f297
    - flags: top simplicial
    - normal:   -0.7598    -0.11  -0.6408
    - offset: -0.4898467
    - vertices: p695(v68) p391(v51) p172(v0)
    - neighboring facets: f211 f296 f295
- f298
    - flags: top simplicial
    - normal:  -0.03127   0.5271  -0.8492
    - offset: -0.1584281
    - vertices: p695(v68) p284(v34) p456(v17)
    - neighboring facets: f218 f294 f299
- f299
    - flags: top simplicial
    - normal:  0.009449   0.3209  -0.9471
    - offset: -0.1476179
    - center: -0.07344857851666668 0.05481603089714666 -0.1380275090536666 
    - vertices: p695(v68) p96(v54) p284(v34)
    - neighboring facets: f398 f298 f387
- f300
    - flags: top simplicial
    - normal:  -0.02885  -0.2404  -0.9703
    - offset: -0.1582602
    - vertices: p695(v68) p455(v32) p90(v6)
    - neighboring facets: f123 f386 f296
- f302
    - flags: bottom simplicial
    - normal:   -0.9805  0.08954   0.1747
    - offset: -0.5884977
    - vertices: p684(v69) p394(v53) p400(v27)
    - neighboring facets: f392 f304 f389
- f304
    - flags: top simplicial
    - normal:   -0.6076   0.6934   0.3873
    - offset: -0.4282573
    - vertices: p684(v69) p458(v66) p400(v27)
    - neighboring facets: f478 f302 f306
- f305
    - flags: top simplicial
    - normal:   -0.6475   0.7617 -0.02394
    - offset: -0.4509848
    - vertices: p684(v69) p686(v31) p282(v9)
    - neighboring facets: f215 f306 f388
- f306
    - flags: bottom simplicial
    - normal:   -0.5724   0.7806   0.2512
    - offset: -0.4132278
    - vertices: p684(v69) p458(v66) p282(v9)
    - neighboring facets: f411 f305 f304
- f308
    - flags: bottom simplicial
    - normal:   -0.9491 -0.01647   0.3145
    - offset: -0.5919695
    - vertices: p797(v70) p724(v48) p400(v27)
    - neighboring facets: f381 f393 f312
- f312
    - flags: top simplicial
    - normal:   -0.9073  -0.1236   0.4019
    - offset: -0.5859684
    - vertices: p797(v70) p724(v48) p727(v14)
    - neighboring facets: f197 f482 f308
- f313
    - flags: bottom simplicial
    - normal:    0.5437  -0.2852  -0.7894
    - offset: -0.2252758
    - center: 0.1855199088653333 -0.07267318169263333 -0.131359378497 
    - vertices: p812(v71) p550(v43) p90(v6)
    - neighboring facets: f177 f401 f315
- f315
    - flags: bottom simplicial
    - normal:     0.979 -0.07108   -0.191
    - offset: -0.2231987
    - center: 0.2023444473746667 -0.0630100344617 -0.1079543083907333 
    - vertices: p812(v71) p412(v62) p550(v43)
    - neighboring facets: f368 f313 f371
- f329
    - flags: top simplicial
    - normal:   -0.3109 -0.08313   0.9468
    - offset:   -0.43453
    - vertices: p205(v73) p299(v35) p709(v5)
    - neighboring facets: f137 f464 f330
- f330
    - flags: top simplicial
    - normal:   -0.2766 -0.05478   0.9594
    - offset: -0.4319411
    - vertices: p205(v73) p223(v56) p299(v35)
    - neighboring facets: f236 f329 f468
- f336
    - flags: top simplicial
    - normal:    0.1079 -0.03643   0.9935
    - offset: -0.4220173
    - vertices: p224(v74) p300(v37) p301(v19)
    - neighboring facets: f145 f495 f337
- f337
    - flags: top simplicial
    - normal:    0.1382 -0.000782   0.9904
    - offset: -0.4240529
    - vertices: p224(v74) p298(v60) p300(v37)
    - neighboring facets: f364 f336 f425
- f338
    - flags: bottom simplicial
    - normal:  -0.08155   0.9644   0.2516
    - offset: -0.1863673
    - vertices: p259(v75) p260(v58) p282(v9)
    - neighboring facets: f422 f412 f415
- f349
    - flags: bottom simplicial
    - normal:    0.1537  -0.1784   0.9719
    - offset: -0.4317134
    - vertices: p483(v77) p300(v37) p3(v8)
    - neighboring facets: f145 f350 f351
- f350
    - flags: top simplicial
    - normal:    0.1567  -0.2342   0.9595
    - offset: -0.4440288
    - vertices: p483(v77) p5(v59) p3(v8)
    - neighboring facets: f356 f349 f351
- f351
    - flags: bottom simplicial
    - normal:    0.1782  -0.1955   0.9644
    - offset: -0.4345027
    - vertices: p483(v77) p5(v59) p300(v37)
    - neighboring facets: f445 f349 f350
- f352
    - flags: bottom simplicial
    - normal:    0.1866  -0.8214    0.539
    - offset: -0.4890553
    - vertices: p8(v78) p11(v49) p497(v29)
    - neighboring facets: f207 f432 f436
- f356
    - flags: bottom simplicial
    - normal:  -0.0008957  -0.7071   0.7071
    - offset: -0.4926648
    - vertices: p8(v78) p5(v59) p3(v8)
    - neighboring facets: f350 f439 f433
- f362
    - flags: top simplicial
    - normal:    0.8423  -0.2116   0.4957
    - offset:  -0.384655
    - vertices: p137(v79) p312(v18) p174(v1)
    - neighboring facets: f88 f453 f447
- f363
    - flags: bottom simplicial
    - normal:    0.6253 -0.05829   0.7782
    - offset: -0.4346395
    - vertices: p636(v80) p300(v37) p312(v18)
    - neighboring facets: f446 f366 f364
- f364
    - flags: bottom simplicial
    - normal:    0.3527 -0.0006032   0.9358
    - offset: -0.4425473
    - vertices: p636(v80) p298(v60) p300(v37)
    - neighboring facets: f337 f363 f431
- f366
    - flags: top simplicial
    - normal:    0.8703  0.03285   0.4915
    - offset: -0.3734345
    - vertices: p636(v80) p620(v24) p312(v18)
    - neighboring facets: f88 f363 f367
- f367
    - flags: top simplicial
    - normal:    0.8908  0.07496   0.4482
    - offset: -0.3615092
    - vertices: p636(v80) p644(v25) p620(v24)
    - neighboring facets: f92 f366 f430
- f368
    - flags: top simplicial tested
    - normal:    0.9807 -0.07577  -0.1803
    - offset: -0.2228954
    - center: 0.2157887866103333 -0.06304776171833333 -0.03603311379756666 
    - vertices: p175(v81) p412(v62) p550(v43)
    - neighboring facets: f315 f369 f371
- f369
    - flags: bottom simplicial tested
    - normal:    0.9704  -0.2071  -0.1242
    - offset:  -0.229449
    - center: 0.2191221217316667 -0.1285030245779667 0.07889578243083334 
    - vertices: p175(v81) p596(v61) p550(v43)
    - neighboring facets: f260 f368 f373
- f371
    - flags: top simplicial tested
    - normal:    0.9828  -0.0182  -0.1837
    - offset: -0.2211402
    - center: 0.215851157904 -0.03731106966733334 -0.04528861244523334 
    - vertices: p175(v81) p812(v71) p412(v62)
    - neighboring facets: f315 f368 f404
- f373
    - flags: top simplicial tested seen
    - normal:    0.9923  -0.1212 -0.02687
    - offset: -0.2394861
    - center: 0.232628832261 -0.1213540559013333 0.2252314587435 
    - vertices: p175(v81) p596(v61) p174(v1)
    - neighboring facets: f521 f524 f369
    - ridges:
- f379
    - flags: bottom simplicial
    - normal:   -0.5974   0.2149   0.7726
    - offset: -0.4935593
    - vertices: p199(v83) p193(v67) p709(v5)
    - neighboring facets: f288 f475 f472
- f381
    - flags: top simplicial
    - normal:   -0.6756   0.4242    0.603
    - offset: -0.4970768
    - vertices: p190(v84) p724(v48) p400(v27)
    - neighboring facets: f308 f477 f382
- f382
    - flags: top simplicial
    - normal:   -0.6385  0.07414    0.766
    - offset: -0.5086294
    - vertices: p190(v84) p193(v67) p724(v48)
    - neighboring facets: f289 f381 f476
- f385
    - flags: bottom simplicial
    - normal:   0.07634 -0.01233   -0.997
    - offset: -0.1625762
    - center: 0.1522960414486667 -0.02383840270339667 -0.1511081755163333 
    - vertices: p100(v85) p96(v54) p90(v6)
    - neighboring facets: f400 f386 f387
- f386
    - flags: top simplicial
    - normal:  -0.0002276 -0.03662  -0.9993
    - offset: -0.1525115
    - vertices: p100(v85) p695(v68) p90(v6)
    - neighboring facets: f300 f385 f387
- f387
    - flags: bottom simplicial
    - normal:  0.004655  0.06369   -0.998
    - offset: -0.1520529
    - vertices: p100(v85) p695(v68) p96(v54)
    - neighboring facets: f299 f385 f386
- f388
    - flags: bottom simplicial
    - normal:        -1 0.0003188 0.0001928
    - offset: -0.5887277
    - vertices: p393(v86) p684(v69) p686(v31)
    - neighboring facets: f305 f390 f389
- f389
    - flags: top simplicial
    - normal:        -1 0.0003207 0.0003402
    - offset: -0.5887304
    - vertices: p393(v86) p684(v69) p394(v53)
    - neighboring facets: f302 f391 f388
- f390
    - flags: bottom simplicial
    - normal:        -1 0.0001112 6.806e-05
    - offset: -0.5887125
    - vertices: p393(v86) p686(v31) p172(v0)
    - neighboring facets: f211 f391 f388
- f391
    - flags: top simplicial
    - normal:        -1 9.533e-05 9.981e-05
    - offset: -0.5887121
    - vertices: p393(v86) p394(v53) p172(v0)
    - neighboring facets: f395 f390 f389
- f392
    - flags: top simplicial
    - normal:   -0.9849 0.007002    0.173
    - offset: -0.5886347
    - vertices: p390(v87) p394(v53) p400(v27)
    - neighboring facets: f302 f393 f395
- f393
    - flags: bottom simplicial
    - normal:   -0.9845 0.001219   0.1751
    - offset: -0.5886509
    - vertices: p390(v87) p797(v70) p400(v27)
    - neighboring facets: f308 f392 f480
- f394
    - flags: top simplicial
    - normal:        -1 -0.0007064 0.0005965
    - offset: -0.5887485
    - vertices: p390(v87) p395(v26) p172(v0)
    - neighboring facets: f271 f395 f484
- f395
    - flags: bottom simplicial
    - normal:        -1 8.932e-06 0.0001896
    - offset: -0.5887141
    - vertices: p390(v87) p394(v53) p172(v0)
    - neighboring facets: f391 f394 f392
- f398
    - flags: bottom simplicial tested
    - normal:   0.01405   0.3216  -0.9468
    - offset: -0.1483144
    - center: 0.1658797611793333 0.06227954694374667 -0.1330359876156667 
    - vertices: p809(v88) p96(v54) p284(v34)
    - neighboring facets: f299 f485 f400
- f400
    - flags: top simplicial tested
    - normal:      0.31 -0.01245  -0.9507
    - offset: -0.1927394
    - center: 0.1723883152006667 -0.005699970138553334 -0.146457930406 
    - vertices: p809(v88) p96(v54) p90(v6)
    - neighboring facets: f385 f401 f398
- f401
    - flags: bottom simplicial tested
    - normal:    0.3561 -0.03006   -0.934
    - offset: -0.1988267
    - center: 0.1856883416573333 -0.02040445680416667 -0.1414282520613333 
    - vertices: p809(v88) p812(v71) p90(v6)
    - neighboring facets: f313 f400 f404
- f403
    - flags: top simplicial tested seen
    - normal:    0.9852  0.03707  -0.1671
    - offset: -0.2211366
    - center: 0.2259572197996667 0.005035680873946667 0.01000025868416667 
    - vertices: p809(v88) p175(v81) p176(v13)
    - neighboring facets: f523 f487 f404
    - ridges:
- f404
    - flags: bottom simplicial tested
    - normal:    0.9829 -0.009562  -0.1837
    - offset: -0.2208688
    - center: 0.212512880564 -0.007943253964166667 -0.0648075938225 
    - vertices: p809(v88) p175(v81) p812(v71)
    - neighboring facets: f371 f401 f403
- f407
    - flags: top simplicial
    - normal:    0.4766   0.8669   0.1463
    - offset: -0.2159582
    - vertices: p800(v89) p286(v44) p554(v3)
    - neighboring facets: f178 f513 f408
- f408
    - flags: bottom simplicial
    - normal:    0.6436   0.7546   0.1277
    - offset: -0.2337047
    - vertices: p800(v89) p286(v44) p644(v25)
    - neighboring facets: f429 f516 f407
- f411
    - flags: top simplicial
    - normal:    -0.144    0.942   0.3031
    - offset: -0.2150526
    - vertices: p239(v90) p458(v66) p282(v9)
    - neighboring facets: f306 f412 f471
- f412
    - flags: bottom simplicial
    - normal:   -0.1353   0.9454   0.2966
    - offset: -0.2111187
    - vertices: p239(v90) p259(v75) p282(v9)
    - neighboring facets: f338 f411 f414
- f414
    - flags: top simplicial
    - normal:    -0.141   0.9155   0.3767
    - offset: -0.2395882
    - vertices: p239(v90) p259(v75) p247(v36)
    - neighboring facets: f491 f470 f412
- f415
    - flags: top simplicial
    - normal:  -0.08299   0.9591   0.2707
    - offset: -0.1933333
    - vertices: p250(v91) p259(v75) p260(v58)
    - neighboring facets: f338 f422 f493
- f416
    - flags: top simplicial
    - normal:   -0.1447   0.8742   0.4635
    - offset: -0.2696809
    - vertices: p250(v91) p223(v56) p247(v36)
    - neighboring facets: f467 f492 f499
- f421
    - flags: top simplicial
    - normal:  -0.01709   0.9819   0.1884
    - offset: -0.1559582
    - vertices: p250(v91) p282(v9) p554(v3)
    - neighboring facets: f230 f501 f422
- f422
    - flags: top simplicial
    - normal:  -0.05503   0.9725   0.2264
    - offset: -0.1739827
    - vertices: p250(v91) p260(v58) p282(v9)
    - neighboring facets: f338 f421 f415
- f425
    - flags: bottom simplicial
    - normal:    0.1566   0.2369   0.9588
    - offset: -0.4258765
    - vertices: p222(v92) p224(v74) p298(v60)
    - neighboring facets: f337 f431 f426
- f426
    - flags: bottom simplicial
    - normal:    0.1337   0.5701   0.8106
    - offset: -0.3826033
    - vertices: p222(v92) p249(v76) p224(v74)
    - neighboring facets: f494 f425 f427
- f427
    - flags: top simplicial
    - normal:    0.1975    0.792   0.5777
    - offset: -0.3158988
    - vertices: p222(v92) p249(v76) p267(v10)
    - neighboring facets: f503 f428 f426
- f428
    - flags: bottom simplicial
    - normal:    0.3701   0.8441   0.3879
    - offset: -0.2773745
    - vertices: p222(v92) p286(v44) p267(v10)
    - neighboring facets: f178 f427 f429
- f429
    - flags: top simplicial
    - normal:    0.5265   0.7667   0.3673
    - offset: -0.2951231
    - vertices: p222(v92) p286(v44) p644(v25)
    - neighboring facets: f408 f430 f428
- f430
    - flags: bottom simplicial
    - normal:    0.8237   0.1826   0.5368
    - offset: -0.3853563
    - vertices: p222(v92) p636(v80) p644(v25)
    - neighboring facets: f367 f429 f431
- f431
    - flags: top simplicial
    - normal:     0.442  0.07284   0.8941
    - offset: -0.4460522
    - vertices: p222(v92) p636(v80) p298(v60)
    - neighboring facets: f364 f425 f430
- f432
    - flags: bottom simplicial
    - normal:    0.3891  -0.6121   0.6884
    - offset: -0.4758595
    - vertices: p488(v93) p8(v78) p497(v29)
    - neighboring facets: f352 f434 f433
- f433
    - flags: top simplicial
    - normal:    0.1424   -0.673   0.7259
    - offset: -0.4953465
    - vertices: p488(v93) p8(v78) p5(v59)
    - neighboring facets: f356 f448 f432
- f434
    - flags: top simplicial
    - normal:    0.5483     -0.5   0.6703
    - offset: -0.4409461
    - vertices: p488(v93) p137(v79) p497(v29)
    - neighboring facets: f452 f432 f449
- f436
    - flags: top simplicial
    - normal:  -0.0008753  -0.7072    0.707
    - offset: -0.4926678
    - vertices: p10(v94) p8(v78) p11(v49)
    - neighboring facets: f352 f440 f439
- f437
    - flags: bottom simplicial
    - normal:   -0.4265  -0.6883   0.5868
    - offset: -0.4645153
    - vertices: p10(v94) p1(v28) p17(v15)
    - neighboring facets: f102 f443 f438
- f438
    - flags: top simplicial
    - normal:  -0.0009145  -0.7071   0.7071
    - offset: -0.4926651
    - vertices: p10(v94) p1(v28) p3(v8)
    - neighboring facets: f240 f439 f437
- f439
    - flags: bottom simplicial
    - normal:  -0.0008991  -0.7071   0.7071
    - offset: -0.4926647
    - vertices: p10(v94) p8(v78) p3(v8)
    - neighboring facets: f356 f438 f436
- f440
    - flags: top simplicial
    - normal:    -0.137  -0.9877  0.07515
    - offset:  -0.404258
    - vertices: p10(v94) p11(v49) p84(v2)
    - neighboring facets: f206 f441 f436
- f441
    - flags: bottom simplicial
    - normal:   -0.2673  -0.9626  0.04478
    - offset: -0.3903348
    - vertices: p10(v94) p379(v39) p84(v2)
    - neighboring facets: f155 f440 f442
- f442
    - flags: top simplicial
    - normal:   -0.2704  -0.9616  0.04729
    - offset: -0.3908802
    - vertices: p10(v94) p379(v39) p333(v21)
    - neighboring facets: f156 f444 f441
- f443
    - flags: bottom simplicial
    - normal:   -0.4323  -0.6961   0.5732
    - offset: -0.4634088
    - vertices: p10(v94) p17(v15) p306(v7)
    - neighboring facets: f102 f444 f437
- f444
    - flags: top simplicial
    - normal:   -0.4365  -0.7477   0.5003
    - offset: -0.4600589
    - vertices: p10(v94) p333(v21) p306(v7)
    - neighboring facets: f164 f443 f442
- f445
    - flags: top simplicial
    - normal:    0.4519  -0.3383   0.8254
    - offset: -0.4401062
    - vertices: p154(v95) p5(v59) p300(v37)
    - neighboring facets: f351 f446 f448
- f446
    - flags: top simplicial
    - normal:    0.6205  -0.2926   0.7275
    - offset: -0.4294575
    - vertices: p154(v95) p300(v37) p312(v18)
    - neighboring facets: f363 f447 f445
- f447
    - flags: bottom simplicial
    - normal:    0.6538  -0.2922   0.6979
    - offset: -0.4254638
    - vertices: p154(v95) p137(v79) p312(v18)
    - neighboring facets: f362 f446 f449
- f448
    - flags: top simplicial
    - normal:    0.5084  -0.4229   0.7501
    - offset: -0.4412822
    - vertices: p154(v95) p488(v93) p5(v59)
    - neighboring facets: f433 f445 f449
- f449
    - flags: bottom simplicial
    - normal:     0.522  -0.4371   0.7324
    - offset: -0.4405121
    - vertices: p154(v95) p488(v93) p137(v79)
    - neighboring facets: f434 f447 f448
- f452
    - flags: bottom simplicial
    - normal:     0.577  -0.5321   0.6196
    - offset: -0.4385071
    - vertices: p135(v96) p137(v79) p497(v29)
    - neighboring facets: f434 f506 f507
- f453
    - flags: top simplicial
    - normal:    0.9527   -0.196   0.2322
    - offset: -0.3224981
    - vertices: p592(v97) p137(v79) p174(v1)
    - neighboring facets: f362 f522 f517
- f460
    - flags: bottom simplicial
    - normal:   -0.3757    0.812   0.4467
    - offset: -0.3269098
    - vertices: p651(v99) p458(v66) p209(v47)
    - neighboring facets: f284 f462 f461
- f461
    - flags: bottom simplicial
    - normal:   -0.2921   0.8602    0.418
    - offset:  -0.288099
    - vertices: p651(v99) p664(v82) p458(v66)
    - neighboring facets: f469 f460 f466
- f462
    - flags: bottom simplicial
    - normal:   -0.3886   0.7337   0.5574
    - offset: -0.3584436
    - vertices: p651(v99) p209(v47) p709(v5)
    - neighboring facets: f474 f465 f460
- f464
    - flags: top simplicial
    - normal:   -0.3306   0.6072   0.7225
    - offset: -0.3882173
    - vertices: p238(v100) p205(v73) p709(v5)
    - neighboring facets: f329 f465 f468
- f465
    - flags: bottom simplicial
    - normal:   -0.3475   0.7579   0.5521
    - offset: -0.3418936
    - vertices: p238(v100) p651(v99) p709(v5)
    - neighboring facets: f462 f464 f466
- f466
    - flags: top simplicial
    - normal:   -0.3102   0.8256   0.4714
    - offset: -0.3083002
    - vertices: p238(v100) p651(v99) p664(v82)
    - neighboring facets: f461 f469 f465
- f467
    - flags: bottom simplicial
    - normal:   -0.2311   0.7725   0.5914
    - offset: -0.3279452
    - vertices: p238(v100) p223(v56) p247(v36)
    - neighboring facets: f416 f470 f468
- f468
    - flags: bottom simplicial
    - normal:   -0.3067   0.6094   0.7312
    - offset: -0.3855057
    - vertices: p238(v100) p205(v73) p223(v56)
    - neighboring facets: f330 f467 f464
- f469
    - flags: top simplicial
    - normal:   -0.2791   0.8676   0.4115
    - offset: -0.2819226
    - vertices: p238(v100) p664(v82) p458(v66)
    - neighboring facets: f461 f471 f466
- f470
    - flags: top simplicial
    - normal:   -0.1721   0.9137   0.3681
    - offset: -0.2427476
    - vertices: p238(v100) p239(v90) p247(v36)
    - neighboring facets: f414 f467 f471
- f471
    - flags: bottom simplicial
    - normal:   -0.1651    0.932   0.3226
    - offset: -0.2258889
    - vertices: p238(v100) p239(v90) p458(v66)
    - neighboring facets: f411 f469 f470
- f472
    - flags: top simplicial
    - normal:   -0.5632   0.4923   0.6636
    - offset: -0.4557261
    - vertices: p208(v101) p199(v83) p193(v67)
    - neighboring facets: f379 f476 f475
- f473
    - flags: top simplicial
    - normal:   -0.4402   0.7694   0.4629
    - offset: -0.3580349
    - vertices: p208(v101) p645(v65) p209(v47)
    - neighboring facets: f284 f474 f479
- f474
    - flags: top simplicial
    - normal:   -0.5012   0.5888   0.6342
    - offset: -0.4223235
    - vertices: p208(v101) p209(v47) p709(v5)
    - neighboring facets: f462 f475 f473
- f475
    - flags: bottom simplicial
    - normal:   -0.5077   0.5761   0.6406
    - offset: -0.4265574
    - vertices: p208(v101) p199(v83) p709(v5)
    - neighboring facets: f379 f474 f472
- f476
    - flags: bottom simplicial
    - normal:   -0.6047   0.4854   0.6314
    - offset:  -0.467625
    - vertices: p208(v101) p190(v84) p193(v67)
    - neighboring facets: f382 f472 f477
- f477
    - flags: top simplicial
    - normal:   -0.6128   0.5494    0.568
    - offset: -0.4585609
    - vertices: p208(v101) p190(v84) p400(v27)
    - neighboring facets: f381 f478 f476
- f478
    - flags: bottom simplicial
    - normal:   -0.5338   0.7196   0.4441
    - offset: -0.3967748
    - vertices: p208(v101) p458(v66) p400(v27)
    - neighboring facets: f304 f477 f479
- f479
    - flags: top simplicial
    - normal:   -0.4541   0.7675   0.4525
    - offset: -0.3621574
    - vertices: p208(v101) p458(v66) p645(v65)
    - neighboring facets: f284 f473 f478
- f480
    - flags: top simplicial
    - normal:   -0.9837 -0.06579   0.1672
    - offset: -0.5890242
    - vertices: p291(v102) p390(v87) p797(v70)
    - neighboring facets: f393 f482 f484
- f481
    - flags: bottom simplicial
    - normal:    -0.713  -0.6341   0.2993
    - offset:  -0.512744
    - vertices: p291(v102) p166(v46) p727(v14)
    - neighboring facets: f274 f482 f483
- f482
    - flags: top simplicial
    - normal:   -0.9281  -0.1312   0.3485
    - offset: -0.5892541
    - vertices: p291(v102) p797(v70) p727(v14)
    - neighboring facets: f312 f481 f480
- f483
    - flags: top simplicial
    - normal:   -0.9834  -0.1541  0.09612
    - offset: -0.5882311
    - vertices: p291(v102) p166(v46) p395(v26)
    - neighboring facets: f272 f484 f481
- f484
    - flags: bottom simplicial
    - normal:   -0.9861  -0.1269   0.1072
    - offset: -0.5884762
    - vertices: p291(v102) p390(v87) p395(v26)
    - neighboring facets: f394 f483 f480
- f485
    - flags: bottom simplicial
    - normal:    0.2182    0.438  -0.8721
    - offset: -0.1839198
    - vertices: p547(v103) p809(v88) p284(v34)
    - neighboring facets: f398 f511 f487
- f487
    - flags: top simplicial
    - normal:    0.9841  0.07787  -0.1596
    - offset: -0.2217136
    - vertices: p547(v103) p809(v88) p176(v13)
    - neighboring facets: f403 f514 f485
- f491
    - flags: bottom simplicial
    - normal:   -0.1397   0.9096   0.3912
    - offset:  -0.244316
    - vertices: p248(v104) p259(v75) p247(v36)
    - neighboring facets: f414 f492 f493
- f492
    - flags: top simplicial
    - normal:   -0.1438   0.8766   0.4593
    - offset: -0.2681147
    - vertices: p248(v104) p250(v91) p247(v36)
    - neighboring facets: f416 f491 f493
- f493
    - flags: bottom simplicial
    - normal:   -0.1257   0.9103   0.3945
    - offset: -0.2431067
    - vertices: p248(v104) p250(v91) p259(v75)
    - neighboring facets: f415 f491 f492
- f494
    - flags: top simplicial
    - normal:     0.096   0.6588   0.7461
    - offset: -0.3592698
    - vertices: p251(v105) p249(v76) p224(v74)
    - neighboring facets: f426 f495 f504
- f495
    - flags: top simplicial
    - normal:   0.02713   0.5979   0.8011
    - offset: -0.3761495
    - vertices: p251(v105) p224(v74) p301(v19)
    - neighboring facets: f336 f498 f494
- f498
    - flags: bottom simplicial
    - normal:  -0.03766   0.6984   0.7148
    - offset: -0.3472153
    - vertices: p251(v105) p223(v56) p301(v19)
    - neighboring facets: f236 f495 f499
- f499
    - flags: bottom simplicial
    - normal:  -0.04006   0.7281   0.6843
    - offset:  -0.336903
    - vertices: p251(v105) p250(v91) p223(v56)
    - neighboring facets: f416 f498 f502
- f500
    - flags: bottom simplicial
    - normal:   0.02457   0.9782   0.2063
    - offset: -0.1622732
    - vertices: p265(v106) p267(v10) p554(v3)
    - neighboring facets: f178 f501 f503
- f501
    - flags: top simplicial
    - normal:  -0.008877    0.981   0.1936
    - offset: -0.1572017
    - vertices: p265(v106) p250(v91) p554(v3)
    - neighboring facets: f421 f500 f502
- f502
    - flags: top simplicial
    - normal:  0.007665   0.9653    0.261
    - offset: -0.1814832
    - vertices: p265(v106) p251(v105) p250(v91)
    - neighboring facets: f499 f501 f504
- f503
    - flags: bottom simplicial
    - normal:   0.02419   0.9709   0.2384
    - offset: -0.1736927
    - vertices: p265(v106) p249(v76) p267(v10)
    - neighboring facets: f427 f500 f504
- f504
    - flags: bottom simplicial
    - normal:   0.01986   0.9652   0.2608
    - offset: -0.1815759
    - vertices: p265(v106) p251(v105) p249(v76)
    - neighboring facets: f494 f503 f502
- f505
    - flags: bottom simplicial
    - normal:    0.6338  -0.7712  0.05967
    - offset: -0.3496712
    - vertices: p133(v107) p497(v29) p583(v12)
    - neighboring facets: f209 f519 f506
- f506
    - flags: bottom simplicial
    - normal:    0.6349  -0.6594   0.4026
    - offset: -0.4194669
    - vertices: p133(v107) p135(v96) p497(v29)
    - neighboring facets: f452 f505 f507
- f507
    - flags: top simplicial
    - normal:    0.7785  -0.4475   0.4402
    - offset: -0.4067225
    - vertices: p133(v107) p135(v96) p137(v79)
    - neighboring facets: f452 f518 f506
- f510
    - flags: top simplicial
    - normal:    0.1637   0.9553  -0.2463
    - offset: -0.1759288
    - vertices: p417(v108) p91(v55) p284(v34)
    - neighboring facets: f231 f511 f512
- f511
    - flags: bottom simplicial
    - normal:     0.327    0.838  -0.4368
    - offset: -0.2041073
    - vertices: p417(v108) p547(v103) p284(v34)
    - neighboring facets: f485 f510 f514
- f512
    - flags: bottom simplicial
    - normal:     0.208    0.957  -0.2021
    - offset: -0.1823694
    - vertices: p417(v108) p91(v55) p554(v3)
    - neighboring facets: f230 f513 f510
- f513
    - flags: top simplicial
    - normal:     0.552   0.8335  0.02406
    - offset: -0.2209541
    - vertices: p417(v108) p800(v89) p554(v3)
    - neighboring facets: f407 f512 f516
- f514
    - flags: top simplicial
    - normal:    0.9778   0.1838  -0.1002
    - offset:   -0.22595
    - vertices: p417(v108) p547(v103) p176(v13)
    - neighboring facets: f487 f515 f511
- f515
    - flags: bottom simplicial
    - normal:    0.9542    0.299 0.007315
    - offset: -0.2303315
    - vertices: p417(v108) p644(v25) p176(v13)
    - neighboring facets: f92 f514 f516
- f516
    - flags: bottom simplicial
    - normal:    0.9532   0.3021  0.00789
    - offset: -0.2305151
    - vertices: p417(v108) p800(v89) p644(v25)
    - neighboring facets: f408 f515 f513
- f517
    - flags: bottom simplicial
    - normal:    0.9509  -0.2301   0.2069
    - offset: -0.3218734
    - vertices: p141(v109) p592(v97) p137(v79)
    - neighboring facets: f453 f518 f522
- f518
    - flags: top simplicial
    - normal:    0.9355  -0.2693   0.2288
    - offset: -0.3342363
    - vertices: p141(v109) p133(v107) p137(v79)
    - neighboring facets: f507 f517 f519
- f519
    - flags: bottom simplicial
    - normal:    0.9242  -0.3495   0.1537
    - offset: -0.3308486
    - vertices: p141(v109) p133(v107) p583(v12)
    - neighboring facets: f505 f520 f518
- f520
    - flags: top simplicial
    - normal:    0.9622  -0.2498  -0.1087
    - offset: -0.2419804
    - vertices: p141(v109) p596(v61) p583(v12)
    - neighboring facets: f260 f519 f521
- f521
    - flags: bottom simplicial
    - normal:    0.9921  -0.1242 -0.02016
    - offset: -0.2419254
    - vertices: p141(v109) p596(v61) p174(v1)
    - neighboring facets: f373 f522 f520
- f522
    - flags: top simplicial
    - normal:    0.9893  -0.1423  0.03324
    - offset: -0.2605603
    - vertices: p141(v109) p592(v97) p174(v1)
    - neighboring facets: f453 f521 f517
- f523
    - flags: top simplicial tricoplanar keepcentrum
    - owner of normal & centrum is facet f523
    - normal:         1        0        0
    - offset: -0.2392955
    - center: 0.239295497537 -0.042850751546215 0.209683123976125 
    - vertices: p175(v81) p620(v24) p176(v13)
    - neighboring facets: f92 f403 f524
- f524
    - flags: bottom simplicial tricoplanar
    - owner of normal & centrum is facet f523
    - normal:         1        0        0
    - offset: -0.2392955
    - center: 0.239295497537 -0.042850751546215 0.209683123976125 
    - vertices: p175(v81) p620(v24) p174(v1)
    - neighboring facets: f88 f373 f523
