3
830 88 132
0.270690083504 0.182189390063 -1.14280819893 
0.269258975983 0.182189404964 -0.419291675091 
-0.0888000950217 0.182189404964 -0.434272795916 
-0.313670694828 0.182189404964 -0.958407878876 
-0.146227300167 0.182189404964 -1.18433594704 
-0.146227300167 -0.17781059444 -1.18433594704 
0.270690083504 -0.177810564637 -1.14280819893 
0.0379299148917 -0.17781059444 -1.24839699268 
-0.313670694828 -0.17781059444 -0.958407878876 
-0.0888000875711 -0.17781059444 -0.434272795916 
-0.200604498386 -0.145720899105 -0.971139192581 
-0.09948587417599999 -0.145710393786 -0.97401279211 
-0.113187499344 -0.145716190338 -1.03779411316 
-0.178211048245 -0.145726948977 -1.0998210907 
-0.051333617419 -0.145716145635 -1.13769626617 
-0.0985424816608 -0.145725056529 -1.19906401634 
0.113932795823 0.144304946065 -1.07999265194 
0.108639523387 0.144296452403 -1.20066857338 
0.192181393504 0.144312039018 -1.09783959389 
-0.142430111766 -0.145729675889 -1.19183135033 
0.206978753209 -0.145695745945 -1.12511491776 
-0.0448739603162 -0.185960590839 -1.22326159477 
0.166565552354 -0.145693674684 -1.14469540119 
0.058638304472 -0.145710214972 -1.221596241 
0.0748678594828 -0.145702287555 -1.12838029861 
0.125984191895 -0.145690977573 -1.03753292561 
0.209383964539 -0.145680338144 -1.00788903236 
-0.189579993486 -0.145726367831 -0.74777173996 
-0.142430111766 -0.145729675889 -1.19183135033 
-0.19967135787 -0.185786306858 -0.766184806824 
0.102146148682 -0.145687967539 -0.954096674919 
0.134209871292 -0.145676359534 -0.829381287098 
0.206978753209 -0.145695745945 -1.12511491776 
0.120572812855 -0.145711153746 -0.782784938812 
0.120526060462 -0.185722276568 -0.786331236362 
-0.0515286251903 0.184416398406 -1.22253501415 
0.213836833835 0.144349575043 -1.1408188343 
-0.176422804594 0.144252508879 -1.15152132511 
0.123650729656 0.184301733971 -0.776552438736 
0.125401377678 0.144282609224 -0.768525958061 
0.213836833835 0.144349575043 -1.1408188343 
-0.200354650617 0.184264972806 -0.779309689999 
-0.176422804594 0.144252508879 -1.15152132511 
-0.0137588493526 0.144547700882 -0.325671374798 
-0.041039429605 0.144285157323 -1.13642835617 
-0.158130332828 0.144271939993 -1.14956963062 
-0.0218975823373 0.144281327724 -1.22359788418 
0.042995300144 0.144293397665 -1.14215576649 
-0.104020193219 0.144289344549 -0.9718059897420001 
-0.204306483269 0.144281953573 -0.9218273162840001 
0.20206207037 0.144320353866 -0.985294222832 
0.134179458022 0.144323438406 -0.829400599003 
0.0553834140301 0.144309237599 -0.9146658182139999 
0.0552244186401 0.144316121936 -0.816672801971 
-0.178381934762 0.144273027778 -1.09932982922 
-0.181448489428 -0.14572712779 -0.994775235653 
0.128443449736 0.14429974556 -1.18254745007 
0.113692641258 -0.145679742098 -0.847265958786 
0.0558112114668 -0.14571107924 -1.23149168491 
0.0552244186401 0.144316121936 -0.816672801971 
-0.181448489428 -0.14572712779 -0.994775235653 
0.113692641258 -0.145679742098 -0.847265958786 
-0.00224761967547 0.144304096699 -0.907687664032 
-0.167410805821 0.144271567464 -0.6858283877369999 
-0.204306483269 0.144281953573 -0.9218273162840001 
0.140332773328 -0.185677081347 -0.84878963232 
0.14120131731 -0.18568508327 -0.729976475239 
-0.206076771021 -0.185715004802 -0.873093247414 
-0.206076771021 -0.185715004802 -0.873093247414 
-0.158167108893 -0.185728177428 -1.15002775192 
0.202469319105 -0.185679525137 -0.985673964024 
-0.158167108893 -0.185728177428 -1.15002775192 
0.183016970754 -0.185822919011 -1.12820124626 
0.202469319105 -0.185679525137 -0.985673964024 
0.140293926001 0.184322863817 -0.8488138914110001 
-0.204287558794 0.184281930327 -0.921802043915 
-0.1673848629 0.184271633625 -0.685799539089 
0.202430605888 0.184320390224 -0.9856987595559999 
-0.169355928898 0.184272304177 -1.12566590309 
-0.204287558794 0.184281930327 -0.921802043915 
-0.0515286251903 0.184416398406 -1.22253501415 
-0.169355928898 0.184272304177 -1.12566590309 
0.202430605888 0.184320390224 -0.9856987595559999 
0.0153382867575 -0.145278200507 -0.344467163086 
-0.19967135787 -0.185786306858 -0.766184806824 
0.0173350516707 -0.185255557299 -0.345772385597 
0.120572812855 -0.145711153746 -0.782784938812 
0.278411716223 -0.145316585898 -0.498418867588 
0.277233272791 -0.185332834721 -0.497404098511 
0.125401377678 0.144282609224 -0.768525958061 
0.123650729656 0.184301733971 -0.776552438736 
0.27715408802 0.184681415558 -0.497655928135 
0.133630678058 0.144336462021 -0.75378292799 
0.275946140289 0.144675135612 -0.499887317419 
0.0175126641989 0.144734039903 -0.347584784031 
0.14120131731 -0.18568508327 -0.729976475239 
0.276281327009 -0.185324862599 -0.499887555838 
0.0173218715936 -0.185265734792 -0.347111195326 
0.141175836325 0.18431520462 -0.729947507381 
-0.1673848629 0.184271633625 -0.685799539089 
0.0175075344741 0.184734016657 -0.347626566887 
-0.0365228019655 0.230230674148 0.00880599953234 
-0.0385036095977 0.222199603915 -0.000246181472903 
-0.0156560130417 0.228168785572 0.0359780862927 
-0.0417310334742 0.227283760905 -0.0177516080439 
-0.009297231212260001 0.19534881413 -0.048977561295 
-0.0245526563376 0.19530890882 0.0403759479523 
0.0352369770408 -0.19527362287 0.031349491328 
0.0218851305544 -0.227341994643 0.0419306643307 
0.011089601554 -0.227379664779 -0.0491615794599 
0.0145767806098 0.22745500505 0.0487216003239 
-0.0245526563376 0.19530890882 0.0403759479523 
0.039175581187 0.195496767759 0.0181204173714 
0.0352369770408 -0.19527362287 0.031349491328 
-0.0307801142335 -0.195469751954 0.0306672751904 
0.0218851305544 -0.227341994643 0.0419306643307 
-0.0307801142335 -0.195469751954 0.0306672751904 
-0.0393699035048 -0.227525413036 0.0181031040847 
0.0218851305544 -0.227341994643 0.0419306643307 
-0.0447080396116 0.195246443152 -0.00306224217638 
-0.0758890584111 0.195155352354 0.0176141839474 
-0.030281027779 0.195293784142 0.0708116143942 
-0.0435480289161 -0.195509746671 -0.00303845037706 
-0.0156309511513 -0.195424154401 0.0390581972897 
-0.02912103571 -0.19546239078 0.0708354189992 
-0.06364837288859999 0.195187941194 -0.0389304347336 
-0.07472904026509999 -0.195601001382 0.0176379866898 
-0.0624886676669 -0.195568174124 -0.0389063246548 
-0.000213356834138 0.195375874639 -0.0425911806524 
2.4809016395e-05 0.19537435472 -0.0784100219607 
-0.0624886676669 -0.195568174124 -0.0389063246548 
0.0011848276481 -0.19538192451 -0.07838620990509999 
0.000946107786149 -0.19538000226 -0.0425674393773 
0.06877616792919999 0.195581749082 -0.0303953923285 
0.0699361041188 -0.195174306631 -0.0303716082126 
0.038554020226 -0.195266664028 -0.016303377226 
0.000946107786149 -0.19538000226 -0.0425674393773 
0.0299963280559 0.195470362902 0.0315508134663 
0.0552518442273 0.195547059178 0.0571310520172 
0.0311563573778 -0.195285633206 0.0315743535757 
-0.0167908854783 0.19533200562 0.0390344411135 
-0.0823092833161 0.19513425231 -0.0120196053758 
-0.031140094623 0.143970862031 -0.0863453745842 
-0.0254545584321 0.143998041749 0.0819648727775 
-0.0808221250772 -0.144311770797 -0.0417117364705 
0.0665613934398 -0.143874332309 -0.0427484326065 
-0.0593766234815 -0.195560589433 -0.06816717982290001 
0.0558506660163 0.195540994406 -0.0686319246888 
0.07545307278629999 0.14429359138 0.0175335779786 
-0.031140094623 0.143970862031 -0.0863453745842 
-0.0254545584321 0.143998041749 0.0819648727775 
0.07545307278629999 0.14429359138 0.0175335779786 
0.0189814902842 0.195440769196 0.08417524397370001 
-0.07573670893910001 0.143844604492 0.0176173113286 
-0.107087820768 0.143751963973 0.0246674343944 
-0.0425130836666 0.143948376179 0.09998784214259999 
-0.0748813971877 -0.144290670753 0.0176346488297 
-0.0292736627162 -0.144151821733 0.0708322823048 
-0.0416581332684 -0.144186973572 0.100005082786 
-0.0634960532188 0.143877729774 -0.0389274582267 
-0.0897570028901 0.143798813224 -0.0553916916251 
-0.106232471764 -0.144382938743 0.0246845819056 
-0.08890151977540001 -0.144336640835 -0.0553748309612 
-0.06264095008370001 -0.144257634878 -0.0389096066356 
0.000177397872903 0.144064560533 -0.07840687781569999 
0.000395713112084 0.144062429667 -0.111289940774 
-0.0897570028901 0.143798813224 -0.0553916916251 
0.00125144806225 -0.144072666764 -0.111272409558 
0.00103215035051 -0.144070982933 -0.0783893316984 
0.09773840755219999 0.144355908036 -0.0433078370988 
0.000395713112084 0.144062429667 -0.111289940774 
0.000177397872903 0.144064560533 -0.07840687781569999 
0.0985937789083 -0.143779337406 -0.0432903282344 
0.06978378444909999 -0.143864020705 -0.0303747560829 
0.00103215035051 -0.144070982933 -0.0783893316984 
0.0554040707648 0.144236415625 0.0571342557669 
0.0785899311304 0.144306614995 0.0806175991893 
0.09773840755219999 0.144355908036 -0.0433078370988 
0.0562596209347 -0.143898442388 0.057151556015 
-0.0301290880889 0.143983304501 0.0708148777485 
-0.103808201849 -0.141813024879 -0.0315811522305 
0.0534073263407 -0.141501531005 -0.10560335964 
-0.0608919896185 -0.144255757332 -0.0917319431901 
-0.106244668365 -0.140276968479 0.0246843714267 
-0.0416696555912 -0.140080779791 0.100005291402 
-0.164839476347 -0.140442833304 0.159186169505 
-0.0897447913885 0.139692410827 -0.0553914643824 
-0.162423938513 0.139464303851 -0.260168612003 
-0.222801864147 0.139301508665 0.0104414364323 
0.0982659906149 0.140232980251 -0.343746632338 
0.000407697778428 0.139956787229 -0.111289717257 
0.0977506041527 0.140249967575 -0.043307416141 
0.260380417109 0.140080675483 -0.0569234490395 
0.203338310122 0.140712454915 -0.242183104157 
0.191779240966 0.140538543463 0.114373467863 
0.260380417109 0.140080675483 -0.0569234490395 
0.0977506041527 0.140249967575 -0.043307416141 
0.0977506041527 0.140249967575 -0.043307416141 
0.0786019712687 0.140200600028 0.0806181281805 
0.191779240966 0.140538543463 0.114373467863 
0.192610234022 -0.139384165406 0.114390715957 
0.0794330760837 -0.139722451568 0.08063512295480001 
0.098581649363 -0.139673098922 -0.0432903654873 
0.0461318194866 0.140112698078 0.2223444134 
0.046962659806 -0.139809951186 0.22236149013 
-0.0425016023219 0.139842197299 0.0999879017472 
-0.165670469403 0.13948020339 0.159169465303 
0.203338310122 0.140712454915 -0.242183104157 
0.0982659906149 0.140232980251 -0.343746632338 
0.000407697778428 0.139956787229 -0.111289717257 
0.204170376062 -0.139645069838 -0.242166399956 
0.098581649363 -0.139673098922 -0.0432903654873 
0.00123896705918 -0.139966204762 -0.111272573471 
0.204170376062 -0.139645069838 -0.242166399956 
0.261207997799 -0.138337627053 -0.056913819164 
0.098581649363 -0.139673098922 -0.0432903654873 
0.260380417109 0.140080675483 -0.0569234490395 
0.264005601406 0.142197594047 -0.240707695484 
0.203338310122 0.140712454915 -0.242183104157 
-0.0456034094095 0.13980153203 -0.411314129829 
-0.0447723940015 -0.140121087432 -0.411297023296 
0.0990985110402 -0.139689937234 -0.343730151653 
-0.161593019962 -0.140458554029 -0.26015150547 
-0.224073275924 0.13930259645 0.08942375332120001 
-0.224370971322 -0.140626490116 0.0451614744961 
0.0159205645323 -0.139900490642 0.251208275557 
-0.065372414887 -0.140182971954 -0.423704832792 
-0.224370971322 -0.140626490116 0.0451614744961 
-0.224073275924 0.13930259645 0.08942375332120001 
0.245468080044 0.140688121319 -0.0459234267473 
0.0159205645323 -0.139900490642 0.251208275557 
0.241931989789 -0.139247581363 -0.0471087284386 
0.034072380513 0.140077456832 0.231232941151 
0.0159205645323 -0.139900490642 0.251208275557 
0.245468080044 0.140688121319 -0.0459234267473 
0.232213124633 0.140648603439 -0.0491410829127 
0.233044192195 -0.139274194837 -0.0491238385439 
0.272508710623 -0.139157325029 -0.0532957464457 
0.265610963106 0.141146555543 -0.21969871223 
-0.045824278146 -0.140125051141 -0.423873752356 
-0.0517461188138 0.13978356123 -0.414700239897 
-0.045824278146 -0.140125051141 -0.423873752356 
0.265610963106 0.141146555543 -0.21969871223 
0.264209002256 -0.139571383595 -0.203735724092 
-0.04008327052 0.231209486723 -0.00266580819152 
-0.0151545898989 0.231285795569 0.0349249318242 
0.0266252085567 0.231409549713 0.0282425489277 
-0.000351624184987 0.231325283647 -0.0379638783634 
0.0332314185798 0.231426417828 -0.0145104788244 
0.0346047207713 -0.231227636337 -0.0144828697667 
-0.038709782064 -0.231444641948 -0.00263748271391 
0.00102205749135 -0.231328800321 -0.0379357673228 
0.0279990006238 -0.231244593859 0.0282703489065 
-0.0137808797881 -0.231368303299 0.0349531136453 
0.268797665834 0.141247615218 -0.0527978949249 
0.270305067301 -0.13965369761 -0.0528846904635 
0.264005601406 0.142197594047 -0.240707620978 
0.288421928883 -0.149800032377 -0.671332716942 
0.270153731108 -0.271994113922 -0.4607616961 
0.228805631399 -0.327564448118 -1.05774128437 
0.228805631399 -0.327564448118 -1.05774128437 
0.158366084099 -0.296654045582 -1.20117092133 
0.316813856363 -0.147680372 -1.1446839571 
0.521684288979 0.09750321507449999 -0.0875327885151 
0.243378907442 -0.334833592176 -0.0804952606559 
0.430104523897 -0.262322634459 -0.120203472674 
0.228805631399 -0.327564448118 -1.05774128437 
-0.304564803839 -0.381552308798 -1.00378108025 
0.158366084099 -0.296654045582 -1.20117092133 
0.243378907442 -0.334833592176 -0.0804952606559 
0.102098688483 -0.400176227093 -0.211857900023 
0.270153731108 -0.271994113922 -0.4607616961 
0.228805631399 -0.327564448118 -1.05774128437 
0.316813856363 -0.147680372 -1.1446839571 
0.288421928883 -0.149800032377 -0.671332716942 
-0.367330938578 -0.405153274536 -0.6855179667470001 
-0.0844147503376 -0.370139271021 -0.290603399277 
-0.356618344784 -0.189021736383 -0.938941419125 
-0.185575708747 0.144937604666 -0.579773068428 
-0.0879633724689 -0.146946042776 -0.365265458822 
-0.0989269986749 0.301868796349 -0.405649244785 
0.276867508888 -0.0651810988784 -0.53701788187 
0.293077796698 0.205019563437 -0.457693010569 
0.270153731108 -0.271994113922 -0.4607616961 
-0.367330938578 -0.405153274536 -0.6855179667470001 
0.102098688483 -0.400176227093 -0.211857900023 
-0.0844147503376 -0.370139271021 -0.290603399277 
0.102098688483 -0.400176227093 -0.211857900023 
-0.367330938578 -0.405153274536 -0.6855179667470001 
0.270153731108 -0.271994113922 -0.4607616961 
-0.0879633724689 -0.146946042776 -0.365265458822 
-0.0900470688939 0.140449732542 -0.356630891562 
-0.0989269986749 0.301868796349 -0.405649244785 
0.102098688483 -0.400176227093 -0.211857900023 
0.280887812376 -0.143712386489 -0.06310981512070001 
0.0251490976661 -0.144965648651 -0.251178473234 
0.243378907442 -0.334833592176 -0.0804952606559 
0.521684288979 0.09750321507449999 -0.0875327885151 
0.280887812376 -0.143712386489 -0.06310981512070001 
-0.356618344784 -0.189021736383 -0.938941419125 
-0.0844147503376 -0.370139271021 -0.290603399277 
-0.318942606449 -0.149938896298 -0.894840598106 
-0.318942606449 -0.149938896298 -0.894840598106 
-0.0844147503376 -0.370139271021 -0.290603399277 
-0.180572196841 -0.153849080205 -0.583942532539 
-0.0900470688939 0.140449732542 -0.356630891562 
-0.0883708521724 0.345443099737 -0.286417394876 
-0.0989269986749 0.301868796349 -0.405649244785 
0.275069832802 0.142408505082 -0.06651071459049999 
0.220650509 0.407472074032 -0.0964184552431 
0.191626697779 0.347678095102 -0.0963769480586 
0.280887812376 -0.143712386489 -0.06310981512070001 
0.521684288979 0.09750321507449999 -0.0875327885151 
0.275069832802 0.142408505082 -0.06651071459049999 
-0.0989269986749 0.301868796349 -0.405649244785 
-0.0883708521724 0.345443099737 -0.286417394876 
-0.221360579133 0.372522830963 -0.486144214869 
0.288421928883 -0.149800032377 -0.671332716942 
0.293766409159 0.143093109131 -0.670702278614 
0.276867508888 -0.0651810988784 -0.53701788187 
0.293766409159 0.143093109131 -0.670702278614 
0.307866662741 0.139512360096 -1.12285983562 
0.279699236155 0.29881310463 -0.918246507645 
-0.06340270489450001 -0.157173246145 -1.24292206764 
0.316813856363 -0.147680372 -1.1446839571 
0.158366084099 -0.296654045582 -1.20117092133 
0.168967053294 0.331337690353 -0.425571888685 
-0.221360579133 0.372522830963 -0.486144214869 
0.0405467823148 0.509980559349 -0.210262298584 
0.293077796698 0.205019563437 -0.457693010569 
0.168967053294 0.331337690353 -0.425571888685 
0.271626353264 0.420732855797 -0.206395566463 
0.020970730111 0.346095025539 -0.587216436863 
0.279699236155 0.29881310463 -0.918246507645 
0.00313430768438 0.507396221161 -0.915698349476 
0.020970730111 0.346095025539 -0.587216436863 
0.00313430768438 0.507396221161 -0.915698349476 
-0.375928640366 0.459440916777 -0.895050644875 
0.168967053294 0.331337690353 -0.425571888685 
0.279699236155 0.29881310463 -0.918246507645 
0.020970730111 0.346095025539 -0.587216436863 
0.00313430768438 0.507396221161 -0.915698349476 
0.177631527185 0.293055862188 -1.18302857876 
-0.375928640366 0.459440916777 -0.895050644875 
0.279699236155 0.29881310463 -0.918246507645 
0.177631527185 0.293055862188 -1.18302857876 
0.00313430768438 0.507396221161 -0.915698349476 
0.196823835373 0.180510208011 -1.20645701885 
0.0691767111421 0.142015591264 -1.25454008579 
0.177631527185 0.293055862188 -1.18302857876 
-0.124049067497 0.141610145569 -1.2449413538 
-0.0512475557625 0.291724681854 -1.23057579994 
0.0691767111421 0.142015591264 -1.25454008579 
0.102098688483 -0.400176227093 -0.211857900023 
0.0251490976661 -0.144965648651 -0.251178473234 
-0.0844147503376 -0.370139271021 -0.290603399277 
-0.375928640366 0.459440916777 -0.895050644875 
-0.124049067497 0.141610145569 -1.2449413538 
-0.339715480804 0.141216099262 -0.977164506912 
-0.0512475557625 0.291724681854 -1.23057579994 
-0.124049067497 0.141610145569 -1.2449413538 
-0.375928640366 0.459440916777 -0.895050644875 
-0.390414953232 0.312206953764 -0.856768906116 
-0.375928640366 0.459440916777 -0.895050644875 
-0.339715480804 0.141216099262 -0.977164506912 
0.0405467823148 0.509980559349 -0.210262298584 
-0.221360579133 0.372522830963 -0.486144214869 
-0.0883708521724 0.345443099737 -0.286417394876 
-0.0883708521724 0.345443099737 -0.286417394876 
0.191626697779 0.347678095102 -0.0963769480586 
0.0405467823148 0.509980559349 -0.210262298584 
0.220650509 0.407472074032 -0.0964184552431 
0.0405467823148 0.509980559349 -0.210262298584 
0.191626697779 0.347678095102 -0.0963769480586 
-0.0900470688939 0.140449732542 -0.356630891562 
0.275069832802 0.142408505082 -0.06651071459049999 
0.191626697779 0.347678095102 -0.0963769480586 
-0.339251667261 0.14061164856 -0.977420330048 
-0.305918425322 0.141203358769 -0.980358719826 
-0.156797274947 0.140873283148 -0.587812244892 
0.269527971745 0.144263535738 -0.695755600929 
0.30350407958 0.143420547247 -0.9738738536829999 
0.338535904884 0.14330008626 -0.964828491211 
0.30350407958 0.143420547247 -0.9738738536829999 
0.25806120038 0.157304689288 -1.14732444286 
0.287213742733 0.15576903522 -1.16350710392 
0.25806120038 0.157304689288 -1.14732444286 
0.09177245944740001 0.160030588508 -1.22908949852 
0.102297358215 0.163928449154 -1.25382232666 
0.09177245944740001 0.160030588508 -1.22908949852 
-0.114175714552 0.14194945991 -1.21898698807 
-0.126203298569 0.141510993242 -1.24256646633 
-0.126203298569 0.141510993242 -1.24256646633 
-0.114175714552 0.14194945991 -1.21898698807 
-0.305918425322 0.141203358769 -0.980358719826 
-0.156797274947 0.140873283148 -0.587812244892 
-0.151078894734 -0.154248505831 -0.589350283146 
-0.181042701006 -0.151385575533 -0.5835625529289999 
0.287067234516 0.0374256893992 -0.654857635498 
0.264214277267 -0.129571333528 -0.708786308765 
0.269527971745 0.144263535738 -0.695755600929 
0.266548752785 -0.151292234659 -1.13497924805 
0.294481873512 -0.1513851583 -0.976366698742 
0.328737020493 -0.150807008147 -0.974604785442 
-0.32924297452 -0.177338331938 -0.9472436308860001 
-0.155280143023 -0.15614707768 -1.1728194952 
-0.17099365592 -0.156035155058 -1.19288873672 
0.328737020493 -0.150807008147 -0.974604785442 
0.294481873512 -0.1513851583 -0.976366698742 
0.264214277267 -0.129571333528 -0.708786308765 
-0.293937057257 -0.151143342257 -0.847573816776 
-0.25196197629 -0.155179589987 -0.839323103428 
-0.32924297452 -0.177338331938 -0.9472436308860001 
-0.151078894734 -0.154248505831 -0.589350283146 
-0.25196197629 -0.155179589987 -0.839323103428 
-0.181042701006 -0.151385575533 -0.5835625529289999 
0.228214100003 -0.151050642133 -1.21825683117 
0.204012453556 -0.151619568467 -1.19565248489 
0.266548752785 -0.151292234659 -1.13497924805 
-0.17099365592 -0.156035155058 -1.19288873672 
-0.155280143023 -0.15614707768 -1.1728194952 
0.0187616720796 -0.152892515063 -1.23393905163 
0.022349929437 -0.151569634676 -1.26079642773 
0.0187616720796 -0.152892515063 -1.23393905163 
0.204012453556 -0.151619568467 -1.19565248489 
0.223670423031 0.144521355629 -0.07489710301160001 
0.232259884477 0.140530407429 -0.0881002619863 
0.22303918004 -0.136944055557 -0.0834632664919 
-0.0569506809115 -0.145702645183 -0.924544334412 
-0.197686910629 -0.145710900426 -0.8229874372480001 
0.142344325781 -0.145668938756 -0.724677503109 
-0.283822476864 0.5034878253940001 -0.830709159374 
-0.0957633629441 0.513030290604 -0.786715686321 
-0.175158455968 0.471940100193 -0.958363175392 
-0.175158455968 0.471940100193 -0.958363175392 
0.0506286993623 0.456769168377 -0.933762729168 
0.00813415553421 0.448574066162 -0.998620271683 
-0.0957633629441 0.513030290604 -0.786715686321 
0.0492236614227 0.424059718847 -0.757315635681 
0.0506286993623 0.456769168377 -0.933762729168 
0.189404785633 0.317394882441 -0.56249588728 
0.185717731714 0.284547865391 -0.574508666992 
0.0530805177987 0.339200615883 -0.63506424427 
-0.00236134766601 0.402133613825 -0.660489320755 
0.0530805177987 0.339200615883 -0.63506424427 
0.0492236614227 0.424059718847 -0.757315635681 
-0.00236134766601 0.402133613825 -0.660489320755 
-0.0957633629441 0.513030290604 -0.786715686321 
-0.106032304466 0.464391201735 -0.774800002575 
0.189404785633 0.317394882441 -0.56249588728 
-0.187970459461 0.414016634226 -0.556216180325 
-0.201352730393 0.381119221449 -0.5644983649250001 
-0.0957633629441 0.513030290604 -0.786715686321 
-0.283822476864 0.5034878253940001 -0.830709159374 
-0.106032304466 0.464391201735 -0.774800002575 
-0.283822476864 0.5034878253940001 -0.830709159374 
-0.295943051577 0.46267798543 -0.890886723995 
-0.106032304466 0.464391201735 -0.774800002575 
-0.00236134766601 0.402133613825 -0.660489320755 
-0.06816758960490001 0.372404038906 -0.6433440446849999 
-0.201352730393 0.381119221449 -0.5644983649250001 
0.0379299148917 0.182189404964 -1.24839699268 
0.269258975983 -0.17781059444 -0.419291675091 
-0.0448739603162 -0.185960590839 -1.22326159477 
0.206978753209 -0.145695745945 -1.12511491776 
0.183016970754 -0.185822919011 -1.12820124626 
0.00343780498952 -0.148992270231 -0.896793663502 
-0.0861104950309 -0.151143953204 -1.12126040459 
-0.114033542573 -0.145530179143 -0.9874739050869999 
-0.19967135787 -0.185786306858 -0.766184806824 
-0.142430111766 -0.145729675889 -1.19183135033 
-0.0448739603162 -0.185960590839 -1.22326159477 
0.0489611811936 -0.145691096783 -0.916314959526 
0.183016970754 -0.185822919011 -1.12820124626 
0.206978753209 -0.145695745945 -1.12511491776 
0.120526060462 -0.185722276568 -0.786331236362 
-0.0515286251903 0.184416398406 -1.22253501415 
0.185032188892 0.184463784099 -1.12529361248 
0.213836833835 0.144349575043 -1.1408188343 
-0.200354650617 0.184264972806 -0.779309689999 
-0.0515286251903 0.184416398406 -1.22253501415 
-0.176422804594 0.144252508879 -1.15152132511 
0.185032188892 0.184463784099 -1.12529361248 
0.123650729656 0.184301733971 -0.776552438736 
0.213836833835 0.144349575043 -1.1408188343 
-0.101082764566 0.144282415509 -1.08026909828 
0.121827945113 0.144311487675 -0.993590295315 
-0.178381934762 0.144273027778 -1.09932982922 
0.128443449736 0.14429974556 -1.18254745007 
0.0558112114668 -0.14571107924 -1.23149168491 
-0.181448489428 -0.14572712779 -0.994775235653 
-0.178381934762 0.144273027778 -1.09932982922 
0.0558112114668 -0.14571107924 -1.23149168491 
0.128443449736 0.14429974556 -1.18254745007 
0.0552244186401 0.144316121936 -0.816672801971 
0.113692641258 -0.145679742098 -0.847265958786 
-0.160357609391 -0.145697489381 -0.679661333561 
0.008332882076500001 -0.145358622074 -0.346105307341 
0.14403167367 -0.145693525672 -0.7227523922919999 
-0.00224761967547 0.144304096699 -0.907687664032 
-0.167410805821 0.144271567464 -0.6858283877369999 
-0.00224761967547 0.144304096699 -0.907687664032 
0.133630678058 0.144336462021 -0.75378292799 
-0.206076771021 -0.185715004802 -0.873093247414 
0.14120131731 -0.18568508327 -0.729976475239 
-0.147668153048 -0.185722023249 -0.642613530159 
0.140332773328 -0.185677081347 -0.84878963232 
-0.0448739603162 -0.185960590839 -1.22326159477 
0.183016970754 -0.185822919011 -1.12820124626 
-0.158167108893 -0.185728177428 -1.15002775192 
0.141175836325 0.18431520462 -0.729947507381 
0.140293926001 0.184322863817 -0.8488138914110001 
0.185032188892 0.184463784099 -1.12529361248 
-0.0515286251903 0.184416398406 -1.22253501415 
0.202430605888 0.184320390224 -0.9856987595559999 
0.0153382867575 -0.145278200507 -0.344467163086 
-0.189579993486 -0.145726367831 -0.74777173996 
-0.19967135787 -0.185786306858 -0.766184806824 
0.0152732841671 0.184727683663 -0.34471014142 
-0.200354650617 0.184264972806 -0.779309689999 
-0.0137588493526 0.144547700882 -0.325671374798 
0.120526060462 -0.185722276568 -0.786331236362 
0.120572812855 -0.145711153746 -0.782784938812 
0.277233272791 -0.185332834721 -0.497404098511 
0.278356164694 0.144664153457 -0.49862319231 
0.125401377678 0.144282609224 -0.768525958061 
0.27715408802 0.184681415558 -0.497655928135 
0.2760194242 -0.145324736834 -0.499674171209 
0.14403167367 -0.145693525672 -0.7227523922919999 
0.008332882076500001 -0.145358622074 -0.346105307341 
-0.167410805821 0.144271567464 -0.6858283877369999 
0.133630678058 0.144336462021 -0.75378292799 
0.0175126641989 0.144734039903 -0.347584784031 
-0.147668153048 -0.185722023249 -0.642613530159 
0.276187092066 0.184674963355 -0.500160515308 
0.141175836325 0.18431520462 -0.729947507381 
0.0175075344741 0.184734016657 -0.347626566887 
-0.0353993400931 -0.224875733256 0.00290591502562 
-0.0210047140718 -0.223126679659 -0.0316770933568 
0.0129141043872 -0.220201715827 -0.0293548572809 
-0.0417310334742 0.227283760905 -0.0177516080439 
-0.0245526563376 0.19530890882 0.0403759479523 
0.0145767806098 0.22745500505 0.0487216003239 
-0.0307801142335 -0.195469751954 0.0306672751904 
-0.008194892667229999 -0.195407450199 -0.0493040680885 
-0.0393699035048 -0.227525413036 0.0181031040847 
-0.0393699035048 -0.227525413036 0.0181031040847 
-0.008194892667229999 -0.195407450199 -0.0493040680885 
0.011089601554 -0.227379664779 -0.0491615794599 
0.0246266163886 0.227479606867 -0.0366573184729 
-0.009297231212260001 0.19534881413 -0.048977561295 
-0.0417310334742 0.227283760905 -0.0177516080439 
-0.009297231212260001 0.19534881413 -0.048977561295 
0.0246266163886 0.227479606867 -0.0366573184729 
0.039175581187 0.195496767759 0.0181204173714 
0.0352369770408 -0.19527362287 0.031349491328 
0.011089601554 -0.227379664779 -0.0491615794599 
-0.008194892667229999 -0.195407450199 -0.0493040680885 
0.0246266163886 0.227479606867 -0.0366573184729 
0.0145767806098 0.22745500505 0.0487216003239 
0.039175581187 0.195496767759 0.0181204173714 
-0.0447080396116 0.195246443152 -0.00306224217638 
-0.030281027779 0.195293784142 0.0708116143942 
0.037394117564 0.195489197969 -0.0163265503943 
-0.000213356834138 0.195375874639 -0.0425911806524 
0.0699361041188 -0.195174306631 -0.0303716082126 
0.037394117564 0.195489197969 -0.0163265503943 
0.0564117692411 -0.195209518075 0.0571549013257 
0.0311563573778 -0.195285633206 0.0315743535757 
0.0699361041188 -0.195174306631 -0.0303716082126 
-0.02912103571 -0.19546239078 0.0708354189992 
0.0189814902842 0.195440769196 0.08417524397370001 
-0.0823092833161 0.19513425231 -0.0120196053758 
-0.0254545584321 0.143998041749 0.0819648727775 
-0.0124806780368 -0.195412233472 0.08193138986829999 
-0.0808221250772 -0.144311770797 -0.0417117364705 
-0.0593766234815 -0.195560589433 -0.06816717982290001 
-0.0823092833161 0.19513425231 -0.0120196053758 
0.0558506660163 0.195540994406 -0.0686319246888 
-0.031140094623 0.143970862031 -0.0863453745842 
-0.0593766234815 -0.195560589433 -0.06816717982290001 
0.0665613934398 -0.143874332309 -0.0427484326065 
0.0819661617279 -0.195136904716 -0.00222208187915 
0.0350924506783 -0.143960282207 0.0793737843633 
0.0819661617279 -0.195136904716 -0.00222208187915 
0.0665613934398 -0.143874332309 -0.0427484326065 
0.0189814902842 0.195440769196 0.08417524397370001 
0.07545307278629999 0.14429359138 0.0175335779786 
0.0558506660163 0.195540994406 -0.0686319246888 
0.0819661617279 -0.195136904716 -0.00222208187915 
0.0350924506783 -0.143960282207 0.0793737843633 
-0.0124806780368 -0.195412233472 0.08193138986829999 
0.0350924506783 -0.143960282207 0.0793737843633 
-0.0808221250772 -0.144311770797 -0.0417117364705 
-0.0124806780368 -0.195412233472 0.08193138986829999 
-0.106232471764 -0.144382938743 0.0246845819056 
-0.0748813971877 -0.144290670753 0.0176346488297 
-0.0416581332684 -0.144186973572 0.100005082786 
-0.0748813971877 -0.144290670753 0.0176346488297 
-0.106232471764 -0.144382938743 0.0246845819056 
-0.06264095008370001 -0.144257634878 -0.0389096066356 
0.000177397872903 0.144064560533 -0.07840687781569999 
0.0689284875989 0.144271329045 -0.0303919222206 
0.079445399344 -0.143829002976 0.0806350335479 
0.0562596209347 -0.143898442388 0.057151556015 
0.0985937789083 -0.143779337406 -0.0432903282344 
0.079445399344 -0.143829002976 0.0806350335479 
-0.0416581332684 -0.144186973572 0.100005082786 
0.0562596209347 -0.143898442388 0.057151556015 
-0.107075698674 0.139645904303 0.0246674530208 
-0.221970900893 -0.140621513128 0.0104583352804 
-0.0889133438468 -0.140230447054 -0.055375136435 
0.00123896705918 -0.139966204762 -0.111272573471 
0.0977506041527 0.140249967575 -0.043307416141 
0.203338310122 0.140712454915 -0.242183104157 
0.000407697778428 0.139956787229 -0.111289717257 
0.261207997799 -0.138337627053 -0.056913819164 
0.192610234022 -0.139384165406 0.114390715957 
0.098581649363 -0.139673098922 -0.0432903654873 
0.0990985110402 -0.139689937234 -0.343730151653 
0.204170376062 -0.139645069838 -0.242166399956 
0.00123896705918 -0.139966204762 -0.111272573471 
0.264845401049 -0.140657693148 -0.240690305829 
0.261207997799 -0.138337627053 -0.056913819164 
0.204170376062 -0.139645069838 -0.242166399956 
-0.0885535404086 0.139673009515 -0.435078501701 
-0.065372414887 -0.140182971954 -0.423704832792 
-0.224073275924 0.13930259645 0.08942375332120001 
0.034072380513 0.140077456832 0.231232941151 
-0.224073275924 0.13930259645 0.08942375332120001 
0.0159205645323 -0.139900490642 0.251208275557 
0.271677792072 0.140765488148 -0.0533126778901 
0.264845401049 -0.140657693148 -0.240690305829 
0.264005601406 0.142197594047 -0.240707620978 
0.270305067301 -0.13965369761 -0.0528846904635 
0.288421928883 -0.149800032377 -0.671332716942 
0.276867508888 -0.0651810988784 -0.53701788187 
0.270153731108 -0.271994113922 -0.4607616961 
0.270153731108 -0.271994113922 -0.4607616961 
0.293077796698 0.205019563437 -0.457693010569 
0.521684288979 0.09750321507449999 -0.0875327885151 
0.430104523897 -0.262322634459 -0.120203472674 
0.270153731108 -0.271994113922 -0.4607616961 
0.521684288979 0.09750321507449999 -0.0875327885151 
0.158366084099 -0.296654045582 -1.20117092133 
-0.304564803839 -0.381552308798 -1.00378108025 
-0.112550348043 -0.23153410852 -1.24396586418 
0.228805631399 -0.327564448118 -1.05774128437 
-0.367330938578 -0.405153274536 -0.6855179667470001 
-0.304564803839 -0.381552308798 -1.00378108025 
0.270153731108 -0.271994113922 -0.4607616961 
-0.367330938578 -0.405153274536 -0.6855179667470001 
0.228805631399 -0.327564448118 -1.05774128437 
0.430104523897 -0.262322634459 -0.120203472674 
0.243378907442 -0.334833592176 -0.0804952606559 
0.270153731108 -0.271994113922 -0.4607616961 
-0.06340270489450001 -0.157173246145 -1.24292206764 
-0.304564803839 -0.381552308798 -1.00378108025 
-0.32665938139 -0.151729509234 -1.00690281391 
-0.06340270489450001 -0.157173246145 -1.24292206764 
-0.112550348043 -0.23153410852 -1.24396586418 
-0.304564803839 -0.381552308798 -1.00378108025 
-0.32665938139 -0.151729509234 -1.00690281391 
-0.304564803839 -0.381552308798 -1.00378108025 
-0.356618344784 -0.189021736383 -0.938941419125 
-0.367330938578 -0.405153274536 -0.6855179667470001 
-0.356618344784 -0.189021736383 -0.938941419125 
-0.304564803839 -0.381552308798 -1.00378108025 
-0.185575708747 0.144937604666 -0.579773068428 
-0.180572196841 -0.153849080205 -0.583942532539 
-0.0879633724689 -0.146946042776 -0.365265458822 
-0.0844147503376 -0.370139271021 -0.290603399277 
0.0251490976661 -0.144965648651 -0.251178473234 
-0.0879633724689 -0.146946042776 -0.365265458822 
0.102098688483 -0.400176227093 -0.211857900023 
0.243378907442 -0.334833592176 -0.0804952606559 
0.280887812376 -0.143712386489 -0.06310981512070001 
-0.180572196841 -0.153849080205 -0.583942532539 
-0.0844147503376 -0.370139271021 -0.290603399277 
-0.0879633724689 -0.146946042776 -0.365265458822 
-0.0989269986749 0.301868796349 -0.405649244785 
-0.390414953232 0.312206953764 -0.856768906116 
-0.339715480804 0.141216099262 -0.977164506912 
-0.185575708747 0.144937604666 -0.579773068428 
-0.0989269986749 0.301868796349 -0.405649244785 
-0.339715480804 0.141216099262 -0.977164506912 
0.220650509 0.407472074032 -0.0964184552431 
0.275069832802 0.142408505082 -0.06651071459049999 
0.521684288979 0.09750321507449999 -0.0875327885151 
-0.390414953232 0.312206953764 -0.856768906116 
-0.0989269986749 0.301868796349 -0.405649244785 
-0.221360579133 0.372522830963 -0.486144214869 
0.276867508888 -0.0651810988784 -0.53701788187 
0.293766409159 0.143093109131 -0.670702278614 
0.293077796698 0.205019563437 -0.457693010569 
0.293077796698 0.205019563437 -0.457693010569 
0.293766409159 0.143093109131 -0.670702278614 
0.279699236155 0.29881310463 -0.918246507645 
-0.112550348043 -0.23153410852 -1.24396586418 
-0.06340270489450001 -0.157173246145 -1.24292206764 
0.158366084099 -0.296654045582 -1.20117092133 
0.168967053294 0.331337690353 -0.425571888685 
0.020970730111 0.346095025539 -0.587216436863 
-0.221360579133 0.372522830963 -0.486144214869 
0.521684288979 0.09750321507449999 -0.0875327885151 
0.293077796698 0.205019563437 -0.457693010569 
0.271626353264 0.420732855797 -0.206395566463 
0.168967053294 0.331337690353 -0.425571888685 
0.293077796698 0.205019563437 -0.457693010569 
0.279699236155 0.29881310463 -0.918246507645 
-0.221360579133 0.372522830963 -0.486144214869 
0.020970730111 0.346095025539 -0.587216436863 
-0.375928640366 0.459440916777 -0.895050644875 
0.177631527185 0.293055862188 -1.18302857876 
0.279699236155 0.29881310463 -0.918246507645 
0.307866662741 0.139512360096 -1.12285983562 
-0.375928640366 0.459440916777 -0.895050644875 
0.177631527185 0.293055862188 -1.18302857876 
-0.0512475557625 0.291724681854 -1.23057579994 
0.307866662741 0.139512360096 -1.12285983562 
0.196823835373 0.180510208011 -1.20645701885 
0.177631527185 0.293055862188 -1.18302857876 
-0.0512475557625 0.291724681854 -1.23057579994 
0.177631527185 0.293055862188 -1.18302857876 
0.0691767111421 0.142015591264 -1.25454008579 
0.0405467823148 0.509980559349 -0.210262298584 
0.271626353264 0.420732855797 -0.206395566463 
0.168967053294 0.331337690353 -0.425571888685 
0.521684288979 0.09750321507449999 -0.0875327885151 
0.271626353264 0.420732855797 -0.206395566463 
0.220650509 0.407472074032 -0.0964184552431 
-0.375928640366 0.459440916777 -0.895050644875 
-0.390414953232 0.312206953764 -0.856768906116 
-0.221360579133 0.372522830963 -0.486144214869 
0.220650509 0.407472074032 -0.0964184552431 
0.271626353264 0.420732855797 -0.206395566463 
0.0405467823148 0.509980559349 -0.210262298584 
-0.0883708521724 0.345443099737 -0.286417394876 
-0.0900470688939 0.140449732542 -0.356630891562 
0.191626697779 0.347678095102 -0.0963769480586 
-0.186801373959 0.139882594347 -0.580830395222 
-0.339251667261 0.14061164856 -0.977420330048 
-0.156797274947 0.140873283148 -0.587812244892 
0.287067234516 0.0374256893992 -0.654857635498 
0.269527971745 0.144263535738 -0.695755600929 
0.338535904884 0.14330008626 -0.964828491211 
0.338535904884 0.14330008626 -0.964828491211 
0.30350407958 0.143420547247 -0.9738738536829999 
0.287213742733 0.15576903522 -1.16350710392 
0.287213742733 0.15576903522 -1.16350710392 
0.25806120038 0.157304689288 -1.14732444286 
0.102297358215 0.163928449154 -1.25382232666 
0.102297358215 0.163928449154 -1.25382232666 
0.09177245944740001 0.160030588508 -1.22908949852 
-0.126203298569 0.141510993242 -1.24256646633 
-0.339251667261 0.14061164856 -0.977420330048 
-0.126203298569 0.141510993242 -1.24256646633 
-0.305918425322 0.141203358769 -0.980358719826 
0.292169183493 -0.151927292347 -0.683278799057 
0.264214277267 -0.129571333528 -0.708786308765 
0.287067234516 0.0374256893992 -0.654857635498 
-0.186801373959 0.139882594347 -0.580830395222 
-0.156797274947 0.140873283148 -0.587812244892 
-0.181042701006 -0.151385575533 -0.5835625529289999 
0.297697752714 -0.150559142232 -1.15084016323 
0.266548752785 -0.151292234659 -1.13497924805 
0.328737020493 -0.150807008147 -0.974604785442 
-0.36431106925 -0.180173754692 -0.942288041115 
-0.32924297452 -0.177338331938 -0.9472436308860001 
-0.17099365592 -0.156035155058 -1.19288873672 
0.292169183493 -0.151927292347 -0.683278799057 
0.328737020493 -0.150807008147 -0.974604785442 
0.264214277267 -0.129571333528 -0.708786308765 
-0.36431106925 -0.180173754692 -0.942288041115 
-0.293937057257 -0.151143342257 -0.847573816776 
-0.32924297452 -0.177338331938 -0.9472436308860001 
-0.181042701006 -0.151385575533 -0.5835625529289999 
-0.25196197629 -0.155179589987 -0.839323103428 
-0.293937057257 -0.151143342257 -0.847573816776 
0.297697752714 -0.150559142232 -1.15084016323 
0.228214100003 -0.151050642133 -1.21825683117 
0.266548752785 -0.151292234659 -1.13497924805 
0.022349929437 -0.151569634676 -1.26079642773 
-0.17099365592 -0.156035155058 -1.19288873672 
0.0187616720796 -0.152892515063 -1.23393905163 
0.228214100003 -0.151050642133 -1.21825683117 
0.022349929437 -0.151569634676 -1.26079642773 
0.204012453556 -0.151619568467 -1.19565248489 
0.223670423031 0.144521355629 -0.07489710301160001 
0.17548365891 0.142686709762 -0.12341170758 
0.232259884477 0.140530407429 -0.0881002619863 
0.283946782351 -0.108659133315 -0.06874945014720001 
0.223670423031 0.144521355629 -0.07489710301160001 
0.22303918004 -0.136944055557 -0.0834632664919 
-0.160357609391 -0.145697489381 -0.679661333561 
0.0465514361858 -0.145690694451 -0.9119728803629999 
0.136758297682 -0.14567579329 -0.824160754681 
-0.295943051577 0.46267798543 -0.890886723995 
-0.283822476864 0.5034878253940001 -0.830709159374 
-0.175158455968 0.471940100193 -0.958363175392 
0.0492236614227 0.424059718847 -0.757315635681 
0.207809060812 0.309466004372 -0.8027894496919999 
0.0506286993623 0.456769168377 -0.933762729168 
0.0506286993623 0.456769168377 -0.933762729168 
0.207809060812 0.309466004372 -0.8027894496919999 
0.217607647181 0.311481028795 -0.8833375573160001 
-0.00236134766601 0.402133613825 -0.660489320755 
0.0492236614227 0.424059718847 -0.757315635681 
-0.0957633629441 0.513030290604 -0.786715686321 
-0.175158455968 0.471940100193 -0.958363175392 
-0.0957633629441 0.513030290604 -0.786715686321 
0.0506286993623 0.456769168377 -0.933762729168 
-0.00236134766601 0.402133613825 -0.660489320755 
-0.187970459461 0.414016634226 -0.556216180325 
0.189404785633 0.317394882441 -0.56249588728 
0.185717731714 0.284547865391 -0.574508666992 
0.189404785633 0.317394882441 -0.56249588728 
-0.201352730393 0.381119221449 -0.5644983649250001 
-0.00236134766601 0.402133613825 -0.660489320755 
0.189404785633 0.317394882441 -0.56249588728 
0.0530805177987 0.339200615883 -0.63506424427 
-0.06816758960490001 0.372404038906 -0.6433440446849999 
-0.00236134766601 0.402133613825 -0.660489320755 
-0.106032304466 0.464391201735 -0.774800002575 
-0.187970459461 0.414016634226 -0.556216180325 
-0.00236134766601 0.402133613825 -0.660489320755 
-0.201352730393 0.381119221449 -0.5644983649250001 
-0.175158455968 0.471940100193 -0.958363175392 
0.00813415553421 0.448574066162 -0.998620271683 
-0.0823192968965 0.389712750912 -1.03270900249 
3 223 275 362 
3 223 328 206 
3 343 223 362 
3 223 343 328 
3 232 309 263 
3 328 232 206 
3 309 232 328 
3 185 223 206 
3 351 388 342 
3 321 262 263 
3 262 653 263 
3 266 653 262 
3 309 331 263 
3 331 309 328 
3 343 431 328 
3 270 267 275 
3 270 266 267 
3 653 270 264 
3 266 270 653 
3 223 224 275 
3 224 185 275 
3 185 224 223 
3 232 230 206 
3 230 185 206 
3 230 653 264 
3 270 230 264 
3 230 270 185 
3 230 232 263 
3 388 352 422 
3 343 360 351 
3 360 646 422 
3 352 360 422 
3 360 352 388 
3 321 748 262 
3 261 646 267 
3 266 261 267 
3 646 261 422 
3 261 266 262 
3 748 322 342 
3 322 748 321 
3 331 322 263 
3 431 447 328 
3 434 343 351 
3 434 431 343 
3 185 276 275 
3 276 270 275 
3 270 276 185 
3 653 617 263 
3 617 230 263 
3 230 617 653 
3 461 388 351 
3 360 461 351 
3 461 360 388 
3 748 780 262 
3 780 261 262 
3 780 388 422 
3 261 780 422 
3 388 720 342 
3 720 748 342 
3 780 720 388 
3 720 780 748 
3 382 321 263 
3 322 382 263 
3 382 322 321 
3 341 322 331 
3 341 331 328 
3 447 341 328 
3 322 341 342 
3 341 434 351 
3 341 447 431 
3 434 341 431 
3 767 343 362 
3 658 767 267 
3 275 767 362 
3 267 767 275 
3 767 364 343 
3 364 767 658 
3 360 419 646 
3 646 419 267 
3 419 658 267 
3 436 351 342 
3 341 436 342 
3 436 341 351 
3 754 364 658 
3 754 419 360 
3 419 754 658 
3 754 360 343 
3 364 754 343 
Vertices and facets:
- p223(v9): -0.22  0.14 0.089
- p275(v2): -0.37 -0.41 -0.69
- p362(v0): -0.39  0.31 -0.86
- p328(v8): 0.041  0.51 -0.21
- p206(v5): -0.17  0.14  0.16
- p343(v14): -0.38  0.46  -0.9
- p232(v15): 0.034  0.14  0.23
- p309(v13):  0.22  0.41 -0.096
- p263(v1):  0.52 0.098 -0.088
- p185(v16): -0.16 -0.14  0.16
- p388(v17):   0.1  0.16  -1.3
- p351(v11): -0.051  0.29  -1.2
- p342(v6):  0.18  0.29  -1.2
- p321(v19):  0.31  0.14  -1.1
- p262(v12):  0.32 -0.15  -1.1
- p653(v20):  0.43 -0.26 -0.12
- p266(v21):  0.23 -0.33  -1.1
- p331(v22):  0.27  0.42 -0.21
- p431(v24): -0.28   0.5 -0.83
- p270(v25):   0.1  -0.4 -0.21
- p267(v7):  -0.3 -0.38    -1
- p264(v10):  0.24 -0.33 -0.08
- p224(v26): -0.22 -0.14 0.045
- p230(v27): 0.016 -0.14  0.25
- p352(v28): 0.069  0.14  -1.3
- p422(v3): 0.022 -0.15  -1.3
- p360(v30): -0.12  0.14  -1.2
- p646(v18): -0.11 -0.23  -1.2
- p748(v32):  0.29  0.16  -1.2
- p261(v33):  0.16  -0.3  -1.2
- p322(v34):  0.28   0.3 -0.92
- p447(v35): -0.096  0.51 -0.79
- p434(v36): -0.18  0.47 -0.96
- p276(v37): -0.084 -0.37 -0.29
- p617(v38):  0.19 -0.14  0.11
- p461(v40): 0.038  0.18  -1.2
- p780(v41):  0.23 -0.15  -1.2
- p720(v42):   0.2  0.18  -1.2
- p382(v43):  0.34  0.14 -0.96
- p341(v44): 0.0031  0.51 -0.92
- p767(v45): -0.36 -0.18 -0.94
- p658(v39): -0.33 -0.15    -1
- p364(v46): -0.34  0.14 -0.98
- p419(v47): -0.17 -0.16  -1.2
- p436(v48): 0.0081  0.45    -1
- p754(v49): -0.13  0.14  -1.2
- f19
    - flags: top simplicial
    - normal:   -0.9845  0.01008   0.1749
    - offset:  -0.237653
    - vertices: p223(v9) p275(v2) p362(v0)
    - neighboring facets: f194 f42 f102
- f22
    - flags: top simplicial
    - normal:   -0.5255   0.7293   0.4381
    - offset: -0.2585185
    - vertices: p223(v9) p328(v8) p206(v5)
    - neighboring facets: f51 f55 f43
- f42
    - flags: top simplicial
    - normal:   -0.9693   0.1466   0.1972
    - offset: -0.2552647
    - vertices: p343(v14) p223(v9) p362(v0)
    - neighboring facets: f19 f192 f43
- f43
    - flags: bottom simplicial
    - normal:   -0.6239   0.7098    0.327
    - offset: -0.2679179
    - vertices: p343(v14) p223(v9) p328(v8)
    - neighboring facets: f22 f93 f42
- f50
    - flags: top simplicial
    - normal:     0.502   0.5076   0.7002
    - offset: -0.2501191
    - vertices: p232(v15) p309(v13) p263(v1)
    - neighboring facets: f82 f110 f52
- f51
    - flags: bottom simplicial
    - normal:   -0.2272   0.7481   0.6235
    - offset: -0.2412207
    - vertices: p232(v15) p328(v8) p206(v5)
    - neighboring facets: f22 f105 f52
- f52
    - flags: bottom simplicial
    - normal:   0.03002    0.766   0.6422
    - offset: -0.2568119
    - vertices: p232(v15) p309(v13) p328(v8)
    - neighboring facets: f86 f51 f50
- f55
    - flags: top simplicial
    - normal:   -0.7667 -0.002238    0.642
    - offset: -0.2288947
    - vertices: p185(v16) p223(v9) p206(v5)
    - neighboring facets: f22 f106 f104
- f59
    - flags: bottom simplicial
    - normal:    0.1854    0.387  -0.9032
    - offset:  -1.214907
    - vertices: p388(v17) p351(v11) p342(v6)
    - neighboring facets: f204 f176 f168
- f68
    - flags: top simplicial
    - normal:    0.9787  0.04571  -0.2003
    - offset: -0.5325458
    - vertices: p321(v19) p262(v12) p263(v1)
    - neighboring facets: f71 f180 f131
- f71
    - flags: bottom simplicial
    - normal:    0.9634  -0.2331  -0.1326
    - offset: -0.4914443
    - vertices: p653(v20) p262(v12) p263(v1)
    - neighboring facets: f68 f160 f79
- f79
    - flags: top simplicial
    - normal:    0.8576   -0.492  -0.1499
    - offset: -0.5159359
    - vertices: p266(v21) p653(v20) p262(v12)
    - neighboring facets: f71 f138 f101
- f82
    - flags: bottom simplicial
    - normal:    0.6572   0.6492   0.3829
    - offset:  -0.372631
    - vertices: p331(v22) p309(v13) p263(v1)
    - neighboring facets: f50 f145 f86
- f86
    - flags: top simplicial
    - normal:    0.3432   0.9003   0.2677
    - offset: -0.4167784
    - vertices: p331(v22) p309(v13) p328(v8)
    - neighboring facets: f52 f184 f82
- f93
    - flags: bottom simplicial
    - normal:   -0.5702   0.7686     0.29
    - offset: -0.3078734
    - vertices: p431(v24) p343(v14) p328(v8)
    - neighboring facets: f43 f146 f153
- f98
    - flags: top simplicial
    - normal:   0.07094  -0.9957 -0.05984
    - offset: -0.4183705
    - vertices: p270(v25) p267(v7) p275(v2)
    - neighboring facets: f195 f158 f99
- f99
    - flags: top simplicial
    - normal:   0.09331  -0.9931 -0.07127
    - offset: -0.4220342
    - vertices: p270(v25) p266(v21) p267(v7)
    - neighboring facets: f135 f98 f101
- f100
    - flags: bottom simplicial
    - normal:    0.3724  -0.9261  0.06013
    - offset: -0.3958937
    - vertices: p270(v25) p653(v20) p264(v10)
    - neighboring facets: f107 f108 f101
- f101
    - flags: bottom simplicial
    - normal:    0.3922  -0.9197  -0.0202
    - offset:  -0.412351
    - vertices: p270(v25) p266(v21) p653(v20)
    - neighboring facets: f79 f100 f99
- f102
    - flags: bottom simplicial
    - normal:   -0.9787 -0.03101   0.2027
    - offset: -0.2331185
    - vertices: p224(v26) p223(v9) p275(v2)
    - neighboring facets: f19 f103 f104
- f103
    - flags: top simplicial
    - normal:    -0.691  -0.6258   0.3618
    - offset: -0.2593831
    - vertices: p224(v26) p185(v16) p275(v2)
    - neighboring facets: f157 f102 f104
- f104
    - flags: bottom simplicial
    - normal:   -0.8841 -0.07206   0.4617
    - offset: -0.2293524
    - vertices: p224(v26) p185(v16) p223(v9)
    - neighboring facets: f55 f102 f103
- f105
    - flags: bottom simplicial
    - normal:   -0.3383  0.08877   0.9369
    - offset:  -0.217541
    - vertices: p230(v27) p232(v15) p206(v5)
    - neighboring facets: f51 f106 f110
- f106
    - flags: top simplicial
    - normal:   -0.4537 -0.001294   0.8912
    - offset: -0.2168266
    - vertices: p230(v27) p185(v16) p206(v5)
    - neighboring facets: f55 f105 f109
- f107
    - flags: top simplicial
    - normal:    0.3911  -0.6509   0.6507
    - offset: -0.2607427
    - vertices: p230(v27) p653(v20) p264(v10)
    - neighboring facets: f100 f108 f162
- f108
    - flags: bottom simplicial
    - normal:  -0.04481  -0.8744   0.4831
    - offset: -0.2429829
    - vertices: p230(v27) p270(v25) p264(v10)
    - neighboring facets: f100 f107 f109
- f109
    - flags: top simplicial
    - normal:   -0.2242  -0.8668   0.4455
    - offset: -0.2295987
    - vertices: p230(v27) p270(v25) p185(v16)
    - neighboring facets: f159 f106 f108
- f110
    - flags: top simplicial
    - normal:    0.5485  0.02407   0.8358
    - offset: -0.2153267
    - vertices: p230(v27) p232(v15) p263(v1)
    - neighboring facets: f50 f161 f105
- f113
    - flags: bottom simplicial
    - normal:  0.008463  0.01996  -0.9998
    - offset:  -1.257665
    - vertices: p352(v28) p388(v17) p422(v3)
    - neighboring facets: f174 f122 f126
- f119
    - flags: bottom simplicial
    - normal:    -0.579   0.3512  -0.7358
    - offset:  -1.037613
    - vertices: p360(v30) p343(v14) p351(v11)
    - neighboring facets: f152 f169 f210
- f120
    - flags: top simplicial
    - normal:   -0.1201 -0.006297  -0.9927
    - offset:  -1.249911
    - vertices: p360(v30) p646(v18) p422(v3)
    - neighboring facets: f136 f122 f200
- f122
    - flags: bottom simplicial
    - normal:  -0.04966  0.02919  -0.9983
    - offset:  -1.253168
    - vertices: p360(v30) p352(v28) p422(v3)
    - neighboring facets: f113 f120 f126
- f126
    - flags: top simplicial
    - normal:  -0.04955   0.1074   -0.993
    - offset:  -1.257558
    - vertices: p360(v30) p352(v28) p388(v17)
    - neighboring facets: f113 f170 f122
- f131
    - flags: bottom simplicial
    - normal:    0.8995   0.0609  -0.4327
    - offset: -0.7712528
    - vertices: p748(v32) p321(v19) p262(v12)
    - neighboring facets: f68 f171 f141
- f134
    - flags: top simplicial
    - normal:   -0.1013  -0.8054   -0.584
    - offset: -0.9244033
    - vertices: p261(v33) p646(v18) p267(v7)
    - neighboring facets: f202 f135 f136
- f135
    - flags: bottom simplicial
    - normal:   0.07316  -0.9669  -0.2443
    - offset: -0.5918894
    - vertices: p261(v33) p266(v21) p267(v7)
    - neighboring facets: f99 f134 f138
- f136
    - flags: bottom simplicial
    - normal:   0.07215  -0.3205  -0.9445
    - offset:  -1.241004
    - vertices: p261(v33) p646(v18) p422(v3)
    - neighboring facets: f120 f175 f134
- f138
    - flags: top simplicial
    - normal:    0.6898  -0.5595  -0.4594
    - offset:  -0.827027
    - vertices: p261(v33) p266(v21) p262(v12)
    - neighboring facets: f79 f173 f135
- f140
    - flags: bottom simplicial
    - normal:    0.7646   0.5666  -0.3071
    - offset: -0.6651389
    - vertices: p322(v34) p748(v32) p342(v6)
    - neighboring facets: f177 f186 f141
- f141
    - flags: top simplicial
    - normal:    0.8501   0.4658  -0.2456
    - offset: -0.6025203
    - vertices: p322(v34) p748(v32) p321(v19)
    - neighboring facets: f131 f182 f140
- f145
    - flags: bottom simplicial
    - normal:    0.8036    0.588  -0.0916
    - offset: -0.4845973
    - vertices: p322(v34) p331(v22) p263(v1)
    - neighboring facets: f82 f181 f183
- f146
    - flags: bottom simplicial
    - normal:  -0.05493   0.9983  0.01827
    - offset: -0.5030564
    - vertices: p447(v35) p431(v24) p328(v8)
    - neighboring facets: f93 f185 f189
- f152
    - flags: top simplicial
    - normal:   -0.2392   0.7559  -0.6094
    - offset: -0.9826505
    - vertices: p434(v36) p343(v14) p351(v11)
    - neighboring facets: f119 f188 f153
- f153
    - flags: top simplicial
    - normal:   -0.1746    0.911  -0.3737
    - offset: -0.8186651
    - vertices: p434(v36) p431(v24) p343(v14)
    - neighboring facets: f93 f152 f190
- f157
    - flags: bottom simplicial
    - normal:   -0.3978  -0.8439   0.3598
    - offset: -0.2413877
    - vertices: p276(v37) p185(v16) p275(v2)
    - neighboring facets: f103 f158 f159
- f158
    - flags: top simplicial
    - normal:   -0.2634  -0.9259   0.2708
    - offset: -0.2862399
    - vertices: p276(v37) p270(v25) p275(v2)
    - neighboring facets: f98 f157 f159
- f159
    - flags: bottom simplicial
    - normal:   -0.3044  -0.8693   0.3895
    - offset: -0.2342643
    - vertices: p276(v37) p270(v25) p185(v16)
    - neighboring facets: f109 f157 f158
- f160
    - flags: bottom simplicial
    - normal:    0.6226  -0.2265    0.749
    - offset: -0.2371746
    - vertices: p617(v38) p653(v20) p263(v1)
    - neighboring facets: f71 f161 f162
- f161
    - flags: top simplicial
    - normal:    0.6032  -0.1745   0.7783
    - offset: -0.2295266
    - vertices: p617(v38) p230(v27) p263(v1)
    - neighboring facets: f110 f160 f162
- f162
    - flags: bottom simplicial
    - normal:     0.583  -0.3082   0.7517
    - offset: -0.2412459
    - vertices: p617(v38) p230(v27) p653(v20)
    - neighboring facets: f107 f160 f161
- f168
    - flags: top simplicial
    - normal:  -0.04916   0.1213  -0.9914
    - offset:  -1.257893
    - vertices: p461(v40) p388(v17) p351(v11)
    - neighboring facets: f59 f169 f170
- f169
    - flags: bottom simplicial
    - normal:  -0.05114   0.1197  -0.9915
    - offset:  -1.257644
    - vertices: p461(v40) p360(v30) p351(v11)
    - neighboring facets: f119 f168 f170
- f170
    - flags: top simplicial
    - normal:  -0.05044   0.1169  -0.9919
    - offset:  -1.257621
    - vertices: p461(v40) p360(v30) p388(v17)
    - neighboring facets: f126 f168 f169
- f171
    - flags: bottom simplicial
    - normal:    0.6385  0.01454  -0.7695
    - offset:  -1.080983
    - vertices: p780(v41) p748(v32) p262(v12)
    - neighboring facets: f131 f173 f179
- f173
    - flags: top simplicial
    - normal:    0.6014  -0.3715  -0.7073
    - offset:  -1.055016
    - vertices: p780(v41) p261(v33) p262(v12)
    - neighboring facets: f138 f171 f175
- f174
    - flags: top simplicial
    - normal:    0.2023 -0.02964  -0.9789
    - offset:  -1.243165
    - vertices: p780(v41) p388(v17) p422(v3)
    - neighboring facets: f113 f175 f178
- f175
    - flags: bottom simplicial
    - normal:    0.1985  -0.2076  -0.9579
    - offset:  -1.243581
    - vertices: p780(v41) p261(v33) p422(v3)
    - neighboring facets: f136 f174 f173
- f176
    - flags: bottom simplicial
    - normal:     0.398   0.2515  -0.8823
    - offset:  -1.188128
    - vertices: p720(v42) p388(v17) p342(v6)
    - neighboring facets: f59 f177 f178
- f177
    - flags: top simplicial
    - normal:    0.4712   0.2561  -0.8441
    - offset:  -1.157286
    - vertices: p720(v42) p748(v32) p342(v6)
    - neighboring facets: f140 f176 f179
- f178
    - flags: bottom simplicial
    - normal:    0.4365  0.07324  -0.8967
    - offset:  -1.180992
    - vertices: p720(v42) p780(v41) p388(v17)
    - neighboring facets: f174 f176 f179
- f179
    - flags: top simplicial
    - normal:    0.4444  0.07385  -0.8928
    - offset:  -1.177889
    - vertices: p720(v42) p780(v41) p748(v32)
    - neighboring facets: f171 f177 f178
- f180
    - flags: top simplicial
    - normal:    0.9637   0.1859  -0.1915
    - offset: -0.5376496
    - vertices: p382(v43) p321(v19) p263(v1)
    - neighboring facets: f68 f181 f182
- f181
    - flags: bottom simplicial
    - normal:    0.9042   0.3925  -0.1683
    - offset: -0.5247196
    - vertices: p382(v43) p322(v34) p263(v1)
    - neighboring facets: f145 f180 f182
- f182
    - flags: top simplicial
    - normal:    0.8998   0.3956  -0.1841
    - offset: -0.5389272
    - vertices: p382(v43) p322(v34) p321(v19)
    - neighboring facets: f141 f180 f181
- f183
    - flags: top simplicial
    - normal:    0.5964   0.7923  -0.1289
    - offset: -0.5219432
    - vertices: p341(v44) p322(v34) p331(v22)
    - neighboring facets: f145 f184 f186
- f184
    - flags: top simplicial
    - normal:    0.3605   0.9325 -0.02254
    - offset: -0.4949027
    - vertices: p341(v44) p331(v22) p328(v8)
    - neighboring facets: f86 f185 f183
- f185
    - flags: bottom simplicial
    - normal:   0.04876   0.9988 -0.006245
    - offset:  -0.512654
    - vertices: p341(v44) p447(v35) p328(v8)
    - neighboring facets: f146 f184 f189
- f186
    - flags: bottom simplicial
    - normal:    0.5829   0.7758  -0.2416
    - offset: -0.6166686
    - vertices: p341(v44) p322(v34) p342(v6)
    - neighboring facets: f140 f205 f183
- f188
    - flags: top simplicial
    - normal:  -0.03016   0.8271  -0.5613
    - offset: -0.9335266
    - vertices: p341(v44) p434(v36) p351(v11)
    - neighboring facets: f152 f206 f190
- f189
    - flags: top simplicial
    - normal:  -0.03426    0.997 -0.06981
    - offset: -0.5696813
    - vertices: p341(v44) p447(v35) p431(v24)
    - neighboring facets: f146 f190 f185
- f190
    - flags: bottom simplicial
    - normal:    -0.109   0.9394   -0.325
    - offset: -0.7739011
    - vertices: p341(v44) p434(v36) p431(v24)
    - neighboring facets: f153 f189 f188
- f192
    - flags: top simplicial
    - normal:   -0.9441 0.007193  -0.3296
    - offset: -0.6532194
    - vertices: p767(v45) p343(v14) p362(v0)
    - neighboring facets: f42 f194 f198
- f193
    - flags: bottom simplicial
    - normal:   -0.8432 -0.08827  -0.5302
    - offset: -0.8227352
    - vertices: p767(v45) p658(v39) p267(v7)
    - neighboring facets: f203 f195 f199
- f194
    - flags: bottom simplicial
    - normal:   -0.9978 -0.04414 -0.05041
    - offset: -0.4189465
    - vertices: p767(v45) p275(v2) p362(v0)
    - neighboring facets: f19 f192 f195
- f195
    - flags: bottom simplicial
    - normal:   -0.9537  -0.2205  -0.2044
    - offset: -0.5798232
    - vertices: p767(v45) p267(v7) p275(v2)
    - neighboring facets: f98 f194 f193
- f198
    - flags: bottom simplicial
    - normal:   -0.8874  0.01791  -0.4607
    - offset: -0.7541965
    - vertices: p364(v46) p767(v45) p343(v14)
    - neighboring facets: f192 f211 f199
- f199
    - flags: top simplicial
    - normal:   -0.8663  0.01209  -0.4995
    - offset: -0.7840361
    - vertices: p364(v46) p767(v45) p658(v39)
    - neighboring facets: f193 f207 f198
- f200
    - flags: bottom simplicial
    - normal:   -0.6744 -0.02271   -0.738
    - offset: -0.9992667
    - vertices: p419(v47) p360(v30) p646(v18)
    - neighboring facets: f120 f202 f208
- f202
    - flags: bottom simplicial
    - normal:   -0.7372  -0.1209  -0.6648
    - offset: -0.9379613
    - vertices: p419(v47) p646(v18) p267(v7)
    - neighboring facets: f134 f203 f200
- f203
    - flags: top simplicial
    - normal:   -0.7652 -0.08224  -0.6385
    - offset: -0.9053773
    - vertices: p419(v47) p658(v39) p267(v7)
    - neighboring facets: f193 f202 f209
- f204
    - flags: top simplicial
    - normal:    0.1151    0.809  -0.5765
    - offset: -0.9395055
    - vertices: p436(v48) p351(v11) p342(v6)
    - neighboring facets: f59 f205 f206
- f205
    - flags: bottom simplicial
    - normal:    0.1268   0.8126  -0.5688
    - offset: -0.9335905
    - vertices: p436(v48) p341(v44) p342(v6)
    - neighboring facets: f186 f204 f206
- f206
    - flags: top simplicial
    - normal:   0.08546   0.8151   -0.573
    - offset:  -0.938552
    - vertices: p436(v48) p341(v44) p351(v11)
    - neighboring facets: f188 f204 f205
- f207
    - flags: top simplicial
    - normal:   -0.7789  0.02889  -0.6265
    - offset: -0.8809032
    - vertices: p754(v49) p364(v46) p658(v39)
    - neighboring facets: f199 f209 f211
- f208
    - flags: top simplicial
    - normal:   -0.7407 -0.0006811  -0.6719
    - offset: -0.9282277
    - vertices: p754(v49) p419(v47) p360(v30)
    - neighboring facets: f200 f210 f209
- f209
    - flags: bottom simplicial
    - normal:   -0.7667 0.008243  -0.6419
    - offset: -0.8955603
    - vertices: p754(v49) p419(v47) p658(v39)
    - neighboring facets: f203 f207 f208
- f210
    - flags: top simplicial
    - normal:   -0.7359    0.145  -0.6614
    - offset: -0.9352594
    - vertices: p754(v49) p360(v30) p343(v14)
    - neighboring facets: f119 f211 f208
- f211
    - flags: bottom simplicial
    - normal:   -0.7771  0.07287  -0.6251
    - offset: -0.8851266
    - vertices: p754(v49) p364(v46) p343(v14)
    - neighboring facets: f198 f210 f207
