3
1161 148 222
-0.0500413179398 0.00606410810724 -0.269839406013 
-0.0501108728349 0.008448047563430001 -0.37138903141 
0.0417271703482 0.0302229113877 -0.268899798393 
0.0425475649536 0.0408880598843 0.36703696847 
0.0429884344339 0.0351188257337 0.26879927516 
-0.0535096116364 0.0132749788463 0.269723892212 
0.0426928736269 0.0379494093359 -0.268736839294 
-0.0541231818497 0.0168674848974 -0.368818759918 
-0.0535096116364 0.0132749099284 -0.269724011421 
0.0417271703482 0.0302229113877 -0.268899798393 
-0.0501108728349 0.008448047563430001 -0.37138903141 
0.0437499880791 0.0268118176609 -0.36940819025 
0.0542873367667 -0.186688572168 0.404852777719 
-0.028434753418 -0.0593865960836 0.406668305397 
-0.0395124815404 -0.250557392836 0.397618412971 
-0.028434753418 -0.0593865960836 0.406668305397 
-0.143216237426 -0.240589439869 0.386173933744 
-0.0395124815404 -0.250557392836 0.397618412971 
-0.309123516083 -0.183726653457 0.316523432732 
-0.459634840488 -0.0563617683947 0.1199009642 
-0.418852388859 -0.202389732003 0.180561825633 
-0.453875869513 -0.0602705925703 -0.121765747666 
-0.407582998276 -0.201094433665 -0.198021233082 
-0.472082048655 -0.204663589597 1.04054811345e-06 
-0.459634840488 -0.0563617683947 0.1199009642 
-0.453875869513 -0.0602705925703 -0.121765747666 
-0.472082048655 -0.204663589597 1.04054811345e-06 
-0.143216237426 -0.240589439869 0.386173933744 
-0.198162525892 0.0561837740242 0.352753579617 
-0.309123516083 -0.183726653457 0.316523432732 
-0.331149280071 -0.040167234838 -0.293204963207 
-0.191313624382 0.103542476892 -0.339671611786 
-0.0876892060041 -0.06371948122980001 -0.403564125299 
-0.198162525892 0.0561837740242 0.352753579617 
-0.379603415728 0.10398132354 0.169835805893 
-0.309123516083 -0.183726653457 0.316523432732 
-0.459634840488 -0.0563617683947 0.1199009642 
-0.379603415728 0.10398132354 0.169835805893 
-0.380950152874 0.183521568775 -0.0170267857611 
-0.380950152874 0.183521568775 -0.0170267857611 
-0.360902100801 0.134862661362 -0.170822143555 
-0.453875869513 -0.0602705925703 -0.121765747666 
-0.380950152874 0.183521568775 -0.0170267857611 
-0.453875869513 -0.0602705925703 -0.121765747666 
-0.459634840488 -0.0563617683947 0.1199009642 
-0.191313624382 0.103542476892 -0.339671611786 
-0.331149280071 -0.040167234838 -0.293204963207 
-0.360902100801 0.134862661362 -0.170822143555 
-0.198162525892 0.0561837740242 0.352753579617 
-0.218715503812 0.268091112375 0.172898560762 
-0.379603415728 0.10398132354 0.169835805893 
-0.218715503812 0.268091112375 0.172898560762 
-0.380950152874 0.183521568775 -0.0170267857611 
-0.379603415728 0.10398132354 0.169835805893 
-0.198284909129 0.311882615089 0.0541357398033 
-0.205664590001 0.305747717619 -0.10353256017 
-0.380950152874 0.183521568775 -0.0170267857611 
-0.218715503812 0.268091112375 0.172898560762 
-0.198284909129 0.311882615089 0.0541357398033 
-0.380950152874 0.183521568775 -0.0170267857611 
-0.205664590001 0.305747717619 -0.10353256017 
-0.360902100801 0.134862661362 -0.170822143555 
-0.380950152874 0.183521568775 -0.0170267857611 
-0.205664590001 0.305747717619 -0.10353256017 
-0.191313624382 0.103542476892 -0.339671611786 
-0.360902100801 0.134862661362 -0.170822143555 
0.0175317376852 0.136959835887 0.351503282785 
-0.08430297672750001 0.227223500609 0.264383524656 
-0.198162525892 0.0561837740242 0.352753579617 
-0.205664590001 0.305747717619 -0.10353256017 
-0.0762939453125 0.195812985301 -0.307278424501 
-0.191313624382 0.103542476892 -0.339671611786 
0.128879621625 -0.046879272908 -0.374026328325 
-0.0876892060041 -0.06371948122980001 -0.403564125299 
0.07978332042690001 0.0735540762544 -0.370823442936 
0.0192228127271 -0.121434092522 -0.409117221832 
-0.0876892060041 -0.06371948122980001 -0.403564125299 
0.128879621625 -0.046879272908 -0.374026328325 
0.0542873367667 -0.186688572168 0.404852777719 
0.096934735775 -0.142970576882 0.393562853336 
0.112965837121 0.031364262104 0.37479442358 
-0.0586134307086 -0.221665933728 0.367566823959 
-0.079740293324 -0.00306365964934 0.360801160336 
0.0696813538671 -0.159353122115 0.365831136703 
0.09954550862310001 -0.106246858835 -0.366343796253 
-0.0264978017658 -0.0464163199067 -0.370386123657 
0.071242146194 -0.160127267241 -0.37006303668 
0.0997706875205 -0.106046333909 0.367436885834 
-0.079740293324 -0.00306365964934 0.360801160336 
0.104548089206 -0.0113374395296 0.349182754755 
-0.079740293324 -0.00306365964934 0.360801160336 
0.0774992853403 0.027495784685 0.345232307911 
0.104548089206 -0.0113374395296 0.349182754755 
0.104548111558 -0.0113374888897 -0.349182844162 
0.07762269675730001 0.0273930728436 -0.344713538885 
-0.0264978017658 -0.0464163199067 -0.370386123657 
0.07762269675730001 0.0273930728436 -0.344713538885 
0.0334777832031 0.128430470824 -0.321103811264 
-0.0264978017658 -0.0464163199067 -0.370386123657 
-0.079740293324 -0.00306365964934 0.360801160336 
0.0310256946832 0.1304820925 0.320254981518 
0.0774992853403 0.027495784685 0.345232307911 
0.0334777832031 0.128430470824 -0.321103811264 
-0.115286938846 0.234632641077 -0.222922205925 
-0.199851989746 0.00806724559516 -0.32233017683 
-0.079740293324 -0.00306365964934 0.360801160336 
-0.120226435363 0.238397285342 0.218832999468 
0.0310256946832 0.1304820925 0.320254981518 
-0.295442283154 0.147586971521 -0.146347045898 
-0.199851989746 0.00806724559516 -0.32233017683 
-0.115286938846 0.234632641077 -0.222922205925 
-0.341415286064 0.153354004025 0.0153301618993 
-0.179485753179 0.304482877254 -0.0119068901986 
-0.120226435363 0.238397285342 0.218832999468 
-0.341415286064 0.153354004025 0.0153301618993 
-0.295442283154 0.147586971521 -0.146347045898 
-0.179485753179 0.304482877254 -0.0119068901986 
-0.405145853758 -0.0258734133095 0.110799103975 
-0.341415286064 0.153354004025 0.0153301618993 
-0.272097170353 0.105199128389 0.223282769322 
-0.405145853758 -0.0258734133095 0.110799103975 
-0.394537180662 -0.00755493156612 -0.11958129704 
-0.341415286064 0.153354004025 0.0153301618993 
-0.290165394545 -0.214570835233 0.281622320414 
-0.272097170353 0.105199128389 0.223282769322 
-0.079740293324 -0.00306365964934 0.360801160336 
-0.434043556452 -0.230973064899 -9.882021601019999e-08 
-0.368359357119 -0.215654909611 -0.205858156085 
-0.394537180662 -0.00755493156612 -0.11958129704 
-0.290165394545 -0.214570835233 0.281622320414 
-0.392894268036 -0.221025079489 0.151623532176 
-0.405145853758 -0.0258734133095 0.110799103975 
-0.199851989746 0.00806724559516 -0.32233017683 
-0.281892687082 -0.21632270515 -0.285375058651 
-0.0623165294528 -0.222415417433 -0.361417025328 
-0.0623165294528 -0.222415417433 -0.361417025328 
-0.009911766275760001 -0.222909137607 -0.365673184395 
-0.0264978017658 -0.0464163199067 -0.370386123657 
-0.104086771607 -0.238044768572 0.354525417089 
-0.290165394545 -0.214570835233 0.281622320414 
-0.0586134307086 -0.221665933728 0.367566823959 
-0.281892687082 -0.21632270515 -0.285375058651 
-0.104086190462 -0.23804461956 -0.354525208473 
-0.0623165294528 -0.222415417433 -0.361417025328 
-0.463828891516 -0.20892997086 -0.0799420177937 
-0.431300699711 -0.232191696763 0.027117004618 
-0.468642115593 -0.20949152112 0.0661614984274 
-0.417391806841 -0.226304322481 -0.0974163785577 
-0.431300699711 -0.232191696763 0.027117004618 
-0.463828891516 -0.20892997086 -0.0799420177937 
-0.431300699711 -0.232191696763 0.027117004618 
-0.403839707375 -0.223009333014 0.129643544555 
-0.468642115593 -0.20949152112 0.0661614984274 
-0.403839707375 -0.223009333014 0.129643544555 
-0.344837635756 -0.206447139382 0.227458491921 
-0.468642115593 -0.20949152112 0.0661614984274 
-0.468642115593 -0.20949152112 0.0661614984274 
-0.310595691204 -0.215141907334 0.273468017578 
-0.403759747744 -0.199642792344 0.20166015625 
-0.344837635756 -0.206448361278 -0.227458491921 
-0.463828891516 -0.20892997086 -0.0799420177937 
-0.310554206371 -0.215485230088 -0.273715823889 
-0.310554206371 -0.215485230088 -0.273715823889 
-0.407582998276 -0.201094433665 -0.198021233082 
-0.249015495181 -0.213310539722 -0.339504688978 
-0.198284909129 0.311882615089 0.0541357398033 
-0.165099292994 0.290240168571 0.0936596691608 
-0.167971670628 0.306569129229 -0.0458692908287 
-0.218715503812 0.268091112375 0.172898560762 
-0.131264030933 0.254384756088 0.206161499023 
-0.198284909129 0.311882615089 0.0541357398033 
-0.167971670628 0.306569129229 -0.0458692908287 
-0.124798350036 0.250133663416 -0.202303469181 
-0.12883849442 0.251219779253 -0.211477041245 
-0.125313565135 0.245457753539 0.218979492784 
-0.118471525609 0.245386958122 0.21018615365 
-0.165099292994 0.290240168571 0.0936596691608 
-0.218715503812 0.268091112375 0.172898560762 
-0.08430297672750001 0.227223500609 0.264383524656 
-0.131264030933 0.254384756088 0.206161499023 
-0.12883849442 0.251219779253 -0.211477041245 
-0.0835815444589 0.211211383343 -0.263685286045 
-0.0762939453125 0.195812985301 -0.307278424501 
-0.0504418946803 0.184723511338 0.283507674932 
-0.118471525609 0.245386958122 0.21018615365 
-0.125313565135 0.245457753539 0.218979492784 
-0.0504394508898 0.184721067548 -0.283506780863 
0.000471191393444 0.162848815322 -0.322429180145 
-0.12883849442 0.251219779253 -0.211477041245 
0.124775238335 -0.0809712931514 -0.374331504107 
0.0265020746738 -0.218556508422 -0.373001247644 
0.0843495130539 -0.164551839232 -0.381173819304 
0.0696813538671 -0.159353122115 0.365831136703 
0.100745543838 -0.0951203107834 0.369214475155 
0.114724725485 -0.102631531656 0.375562131405 
0.0996057093143 -0.0997792035341 -0.370288699865 
0.06569274514909999 -0.181376039982 -0.373946517706 
0.114723816514 -0.102633357048 -0.375565171242 
0.096934735775 -0.142970576882 0.393562853336 
0.0128100579605 -0.224308699369 0.378824293613 
0.0841896012425 -0.164791554213 0.381160736084 
0.0843495130539 -0.164551839232 -0.381173819304 
0.0109481811523 -0.223573714495 -0.378523260355 
0.0665718466043 -0.171597495675 -0.394990354776 
0.0157559197396 -0.219731405377 0.373197317123 
0.114190064371 -0.114696651697 0.373417496681 
0.0841896012425 -0.164791554213 0.381160736084 
0.0265020746738 -0.218556508422 -0.373001247644 
0.00585456844419 -0.229152068496 -0.379319727421 
0.0843495130539 -0.164551839232 -0.381173819304 
0.096934735775 -0.142970576882 0.393562853336 
0.123696289957 -0.04952301085 0.372155070305 
0.112965837121 0.031364262104 0.37479442358 
0.096934735775 -0.142970576882 0.393562853336 
0.114190064371 -0.114696651697 0.373417496681 
0.120658874512 -0.0367810055614 0.365333616734 
0.100745543838 -0.0951203107834 0.369214475155 
0.101372681558 -0.010929107666 0.360808104277 
0.121175684035 -0.0262326039374 0.36304473877 
0.0996057093143 -0.0997792035341 -0.370288699865 
0.114723816514 -0.102633357048 -0.375565171242 
0.121175840497 -0.0262333676219 -0.363043814898 
0.112965837121 0.031364262104 0.37479442358 
0.123696289957 -0.04952301085 0.372155070305 
0.120658874512 -0.0367810055614 0.365333616734 
0.101372681558 -0.010929107666 0.360808104277 
0.0774992853403 0.027495784685 0.345232307911 
0.09994125366209999 0.0579526871443 0.350769042969 
-0.0795705392957 -0.251893758774 -0.370063632727 
-0.119093194604 -0.237470388412 -0.382405012846 
-0.0435350015759 -0.247077390552 -0.382309645414 
-0.0747659280896 -0.246966853738 0.363629519939 
0.0128100579605 -0.224308699369 0.378824293613 
-0.0446611009538 -0.245682999492 0.378386080265 
-0.0446611009538 -0.245682999492 0.378386080265 
0.0128100579605 -0.224308699369 0.378824293613 
-0.0395124815404 -0.250557392836 0.397618412971 
0.0109481811523 -0.223573714495 -0.378523260355 
-0.0435350015759 -0.247077390552 -0.382309645414 
0.06808346509929999 -0.173463985324 -0.398442655802 
-0.009911766275760001 -0.222909137607 -0.365673184395 
0.00484920479357 -0.224089592695 -0.37635448575 
0.06569274514909999 -0.181376039982 -0.373946517706 
-0.0005944824079050001 0.163208916783 0.32194212079 
0.09385772794489999 0.0650750696659 0.350850969553 
-0.0504418946803 0.184723511338 0.283507674932 
-0.0504394508898 0.184721067548 -0.283506780863 
0.0938586369157 0.06507629156109999 -0.350851267576 
0.000471191393444 0.162848815322 -0.322429180145 
0.0175317376852 0.136959835887 0.351503282785 
-0.0005944824079050001 0.163208916783 0.32194212079 
-0.08430297672750001 0.227223500609 0.264383524656 
-0.0835815444589 0.211211383343 -0.263685286045 
0.000471191393444 0.162848815322 -0.322429180145 
-0.0762939453125 0.195812985301 -0.307278424501 
-0.309123516083 -0.183726653457 0.316523432732 
-0.310595691204 -0.215141907334 0.273468017578 
-0.215569451451 -0.235596343875 0.339172661304 
-0.21909789741 -0.237682566047 -0.339381635189 
-0.310554206371 -0.215485230088 -0.273715823889 
-0.249015495181 -0.213310539722 -0.339504688978 
-0.309123516083 -0.183726653457 0.316523432732 
-0.215569451451 -0.235596343875 0.339172661304 
-0.143216237426 -0.240589439869 0.386173933744 
-0.215569451451 -0.235596343875 0.339172661304 
-0.0795705765486 -0.251894056797 0.370063632727 
-0.143216237426 -0.240589439869 0.386173933744 
-0.215569451451 -0.235596343875 0.339172661304 
-0.0747659280896 -0.246966853738 0.363629519939 
-0.0795705765486 -0.251894056797 0.370063632727 
-0.21909789741 -0.237682566047 -0.339381635189 
-0.249015495181 -0.213310539722 -0.339504688978 
-0.0795705392957 -0.251893758774 -0.370063632727 
0.0565769001842 -0.0561781302094 -0.268934339285 
-0.0367154404521 -0.07060277462010001 -0.371405482292 
0.057809561491 -0.0542787872255 -0.369408220053 
0.0614159852266 -0.06793825328350001 0.367036998272 
0.0598889701068 -0.0623573847115 0.268799394369 
-0.0383303388953 -0.0742736905813 0.269723892212 
0.0605635344982 -0.0651222616434 -0.268736809492 
-0.037698674947 -0.0778630450368 -0.368818849325 
-0.0383303388953 -0.0742736905813 -0.269724011421 
-0.0374919585884 -0.0663161948323 0.269839286804 
0.0565769188106 -0.0561780519783 0.268934339285 
-0.0367154367268 -0.0706027522683 0.371405273676 
1.21847450733 0.238324671984 0.029961546883 
1.18788695335 0.0517378225923 0.0774020403624 
1.17830121517 0.0531130954623 -0.08675231784579999 
1.00623893738 -0.0123417470604 0.102995127439 
1.06866288185 -0.0332921631634 -0.0213949196041 
1.18788695335 0.0517378225923 0.0774020403624 
1.17830121517 0.0531130954623 -0.08675231784579999 
1.06866288185 -0.0332921631634 -0.0213949196041 
1.00329768658 0.0294504258782 -0.150286331773 
1.14535784721 0.18074055016 -0.169258415699 
1.00329768658 0.0294504258782 -0.150286331773 
0.9562912583349999 0.19955432415 -0.175593197346 
1.06866288185 -0.0332921631634 -0.0213949196041 
1.00623893738 -0.0123417470604 0.102995127439 
1.00329768658 0.0294504258782 -0.150286331773 
1.09801077843 0.169994294643 0.189403146505 
0.929938793182 0.110163077712 0.159847632051 
1.00623893738 -0.0123417470604 0.102995127439 
0.957039296627 0.335392802954 -0.0270908344537 
1.06595671177 0.304286181927 0.127902060747 
1.0691395998 0.322073817253 -0.111499555409 
1.09801077843 0.169994294643 0.189403146505 
1.21847450733 0.238324671984 0.029961546883 
1.06595671177 0.304286181927 0.127902060747 
1.0691395998 0.322073817253 -0.111499555409 
1.21847450733 0.238324671984 0.029961546883 
1.14535784721 0.18074055016 -0.169258415699 
0.923751354218 0.255916118622 0.122796781361 
1.06595671177 0.304286181927 0.127902060747 
0.957039296627 0.335392802954 -0.0270908344537 
0.84261983633 0.172436475754 -0.00412325840443 
0.923751354218 0.255916118622 0.122796781361 
0.957039296627 0.335392802954 -0.0270908344537 
0.929938793182 0.110163077712 0.159847632051 
0.923751354218 0.255916118622 0.122796781361 
0.84261983633 0.172436475754 -0.00412325840443 
0.84261983633 0.172436475754 -0.00412325840443 
0.9562912583349999 0.19955432415 -0.175593197346 
0.878513157368 0.0562748499215 -0.0816313177347 
0.929938793182 0.110163077712 0.159847632051 
0.84261983633 0.172436475754 -0.00412325840443 
0.878513157368 0.0562748499215 -0.0816313177347 
0.929938793182 0.110163077712 0.159847632051 
0.878513157368 0.0562748499215 -0.0816313177347 
1.00623893738 -0.0123417470604 0.102995127439 
0.929938793182 0.110163077712 0.159847632051 
1.09801077843 0.169994294643 0.189403146505 
0.923751354218 0.255916118622 0.122796781361 
1.01681697369 0.256136476994 -0.186789542437 
1.04362154007 0.102071531117 -0.203139647841 
0.752822220325 0.159034579992 -0.26126986742 
1.04362154007 0.102071531117 -0.203139647841 
1.06628358364 -0.0312503054738 -0.07896911352869999 
0.838631272316 0.0369372554123 -0.237360835075 
0.752822220325 0.159034579992 -0.26126986742 
1.04362154007 0.102071531117 -0.203139647841 
0.838631272316 0.0369372554123 -0.237360835075 
0.70001155138 0.371930241585 -0.0133726019412 
1.00608408451 0.322803020477 -0.147986441851 
0.237821653485 0.26284134388 -0.130350187421 
0.737906932831 -0.109548337758 -0.13001678884 
0.706670224667 -0.144574701786 0.0125951385126 
0.375676214695 -0.157878547907 -0.0544743351638 
0.838631272316 0.0369372554123 -0.237360835075 
0.737906932831 -0.109548337758 -0.13001678884 
0.142368644476 -0.136667132378 -0.181441515684 
0.237821653485 0.26284134388 -0.130350187421 
0.752822220325 0.159034579992 -0.26126986742 
0.119935758412 0.124386899173 -0.227310791612 
0.24565474689 -0.103705719113 0.277765750885 
0.831282317638 0.133739322424 0.268369585276 
0.241166219115 0.100780941546 0.294592112303 
0.241166219115 0.100780941546 0.294592112303 
0.831282317638 0.133739322424 0.268369585276 
0.718677341938 0.278621822596 0.209532767534 
1.02063548565 0.228668212891 0.178267210722 
0.718677341938 0.278621822596 0.209532767534 
0.831282317638 0.133739322424 0.268369585276 
0.7209435701369999 -0.0449305698276 0.243935763836 
0.831282317638 0.133739322424 0.268369585276 
0.24565474689 -0.103705719113 0.277765750885 
0.119841694832 -0.163919597864 -0.142258092761 
0.06654029339549999 -0.17236572504 -0.164660274982 
0.09839944541450001 -0.169927701354 -0.179251939058 
0.154099196196 -0.0838121026754 -0.232551336288 
0.0977681204677 -0.164549097419 -0.178528368473 
0.06351338326930001 0.0168333929032 -0.253874778748 
0.241166219115 0.100780941546 0.294592112303 
0.029512424022 0.041513338685 0.250386416912 
0.0669795572758 0.00255645741709 0.256341844797 
0.149740755558 -0.162006989121 0.194019764662 
0.147686690092 -0.164296656847 0.123720698059 
0.196697190404 -0.160955622792 0.0381348393857 
0.375676214695 -0.157878547907 -0.0544743351638 
0.196697190404 -0.160955622792 0.0381348393857 
0.199269488454 -0.160487279296 -0.0382106006145 
0.199269488454 -0.160487279296 -0.0382106006145 
0.142368644476 -0.136667132378 -0.181441515684 
0.375676214695 -0.157878547907 -0.0544743351638 
0.199269488454 -0.160487279296 -0.0382106006145 
0.126282140613 -0.162194445729 -0.142498344183 
0.142368644476 -0.136667132378 -0.181441515684 
0.154099196196 -0.0838121026754 -0.232551336288 
0.06351338326930001 0.0168333929032 -0.253874778748 
0.752822220325 0.159034579992 -0.26126986742 
0.752822220325 0.159034579992 -0.26126986742 
0.06351338326930001 0.0168333929032 -0.253874778748 
0.119935758412 0.124386899173 -0.227310791612 
0.0669795572758 0.00255645741709 0.256341844797 
0.24565474689 -0.103705719113 0.277765750885 
0.241166219115 0.100780941546 0.294592112303 
0.0657257512212 -0.0512911118567 0.255148053169 
0.136900708079 -0.159662336111 0.19925417006 
0.252248883247 -0.100901469588 0.266705214977 
0.0657257512212 -0.0512911118567 0.255148053169 
0.252248883247 -0.100901469588 0.266705214977 
0.24565474689 -0.103705719113 0.277765750885 
0.0279190056026 -0.0886327326298 0.252179682255 
-0.0487786345184 -0.212939158082 0.168101802468 
0.11146209389 -0.157013580203 0.188527002931 
0.016905143857 0.0429992005229 -0.235471427441 
-0.0459932126105 0.0274800099432 -0.248082578182 
-0.0995872691274 0.137443840504 -0.192836150527 
-0.213528454304 0.0999037921429 0.0792586654425 
-0.212244823575 0.0286986436695 0.156674936414 
-0.07877269387249999 0.226995393634 0.06970702856780001 
-0.0718826130033 -0.019583106041 -0.258894771338 
-0.104361444712 -0.208554893732 -0.176133155823 
-0.170629844069 -0.132970556617 -0.168074145913 
-0.0487786345184 -0.212939158082 0.168101802468 
0.0279190056026 -0.0886327326298 0.252179682255 
-0.0268102232367 -0.0868078842759 0.25098913908 
-0.000104440448922 -0.0921630188823 -0.249409899116 
0.0403115749359 -0.0800619870424 -0.250542998314 
0.09839944541450001 -0.169927701354 -0.179251939058 
-0.0995872691274 0.137443840504 -0.192836150527 
-0.212555199862 0.0539037175477 -0.136529445648 
-0.216911047697 0.116927199066 -0.0229227151722 
-0.07877269387249999 0.226995393634 0.06970702856780001 
-0.082816272974 0.23232460022 -0.037029646337 
-0.216911047697 0.116927199066 -0.0229227151722 
-0.026962660253 0.0454722903669 0.259505033493 
-0.07877269387249999 0.226995393634 0.06970702856780001 
-0.212244823575 0.0286986436695 0.156674936414 
-0.0623616874218 0.00578546524048 0.2504144907 
-0.026962660253 0.0454722903669 0.259505033493 
-0.212244823575 0.0286986436695 0.156674936414 
-0.0995872691274 0.137443840504 -0.192836150527 
-0.0718826130033 -0.019583106041 -0.258894771338 
-0.212555199862 0.0539037175477 -0.136529445648 
-0.0656000822783 -0.0493825525045 0.256219506264 
-0.212244823575 0.0286986436695 0.156674936414 
-0.141198933125 -0.169474333525 0.168883249164 
-0.0268102232367 -0.0868078842759 0.25098913908 
-0.0656000822783 -0.0493825525045 0.256219506264 
-0.0487786345184 -0.212939158082 0.168101802468 
-0.104361444712 -0.208554893732 -0.176133155823 
-0.0482149124146 -0.07004631310700001 -0.24744848907 
-0.000104440448922 -0.0921630188823 -0.249409899116 
-0.0995872691274 0.137443840504 -0.192836150527 
-0.082816272974 0.23232460022 -0.037029646337 
0.237821653485 0.26284134388 -0.130350187421 
0.119935758412 0.124386899173 -0.227310791612 
0.016905143857 0.0429992005229 -0.235471427441 
-0.0995872691274 0.137443840504 -0.192836150527 
0.0798700302839 -0.0711303725839 -0.227203369141 
0.0680651813745 -0.159500017762 -0.167256459594 
0.0403115749359 -0.0800619870424 -0.250542998314 
-0.0397332385182 -0.0813270434737 -0.259999990463 
-0.0555273294449 -0.024412298575 -0.260000020266 
-0.00298729445785 -0.068177819252 -0.259999960661 
-0.06816320866349999 -0.0208605397493 -0.259999960661 
-0.0465093776584 0.0279987901449 -0.259999990463 
0.0173950474709 0.0476907491684 -0.259999990463 
0.00632703304291 0.0230463705957 -0.260000020266 
0.0668152719736 0.00253276829608 -0.260000020266 
0.0588267594576 -0.0207614805549 -0.259999960661 
0.065489910543 -0.0508919507265 -0.259999960661 
0.0267746727914 -0.0877421870828 -0.259999960661 
0.0213657952845 -0.06395551562310001 0.259999960661 
-0.047036562115 -0.0467397198081 0.259999960661 
-0.0397332198918 -0.08132706582550001 0.259999960661 
0.065489910543 -0.0508919507265 0.259999960661 
0.0556241832674 -0.0211338270456 0.259999960661 
0.0368935726583 0.0134777445346 0.259999960661 
0.0623578168452 0.015873240307 0.260000020266 
-0.0383545570076 0.00737736187875 0.260000020266 
0.00338244671002 0.0472876355052 0.259999960661 
-0.06816320866349999 -0.0208605397493 0.259999960661 
0.05876070261 -0.0317862704396 0.260000020266 
0.0477040484548 0.0133138252422 0.319999843836 
0.000644611020107 -0.07293321937320001 0.319999992847 
-0.0299465693533 0.0211446490139 0.259999841452 
-0.0521180815995 -0.0105008529499 0.32000002265 
0.0477040484548 0.0133138252422 0.319999843836 
-0.0287580359727 -0.06307677924629999 0.259999960661 
0.000644611020107 -0.07293321937320001 0.319999992847 
-0.0521180815995 -0.0105008529499 0.32000002265 
-0.0505951195955 -0.0554430708289 -0.259999990463 
0.00621036998928 0.0222702138126 -0.260000050068 
-0.0183525457978 0.0194109268486 -0.31999963522 
0.00621036998928 0.0222702138126 -0.260000050068 
0.0595743507147 -0.0125451423228 -0.319999039173 
-0.0183525457978 0.0194109268486 -0.31999963522 
0.0595108829439 -0.0207207649946 -0.259999573231 
-0.0505951195955 -0.0554430708289 -0.259999990463 
-0.0370361991227 -0.06610936671500001 -0.319999873638 
-0.0244916249067 -0.09232378005980001 0.260000020266 
-0.0424221418798 -0.08514405786989999   0.25 
0.0455306991935 -0.0762646496296 0.25030708313 
0.0322014391422 0.0467283241451 -0.260015726089 
-0.07301723212 -0.00586514081806 -0.259993493557 
-0.0489765591919 0.0306554976851 -0.249993905425 
0.0322014391422 0.0467283241451 -0.260015726089 
-0.0489765591919 0.0306554976851 -0.249993905425 
0.0602085478604 0.0157344620675 -0.249159693718 
0.041756208986 -0.0961937755346 -0.259999215603 
0.0602085478604 0.0157344620675 -0.249159693718 
0.0403115749359 -0.0800619870424 -0.250542998314 
0.09456153959040001 -0.168814539909 0.163025200367 
0.131006777287 -0.148484572768 0.138677060604 
0.202005460858 -0.145904168487 -0.0163921359926 
0.102836452425 -0.164004996419 -0.16267439723 
0.206736773252 -0.16176764667 -0.00374687183648 
0.202005460858 -0.145904168487 -0.0163921359926 
-0.192546904087 -0.0545730814338 0.172376394272 
-0.195689290762 0.08026651293040001 0.117096103728 
-0.164124548435 -0.103740811348 0.169030115008 
-0.21828828752 0.126874655485 0.0321516804397 
-0.197890922427 -0.0398259311914 -0.179139018059 
-0.201860040426 0.108002662659 -0.0853272229433 
0.09456153959040001 -0.168814539909 0.163025200367 
-0.06487136334180001 -0.211819678545 0.16695868969 
-0.0578496269882 -0.192252665758 0.167575225234 
0.102836452425 -0.164004996419 -0.16267439723 
0.0419311523438 -0.163915589452 -0.170837849379 
-0.061077516526 -0.194839581847 -0.16481885314 
-0.164441302419 -0.135049298406 -0.164475500584 
-0.0686633214355 -0.213435322046 -0.165572658181 
-0.061077516526 -0.194839581847 -0.16481885314 
-0.161518707871 -0.134720802307 0.16695868969 
-0.164124548435 -0.103740811348 0.169030115008 
-0.0578496269882 -0.192252665758 0.167575225234 
-0.197890922427 -0.0398259311914 -0.179139018059 
-0.164441302419 -0.135049298406 -0.164475500584 
-0.166305363178 -0.104495055974 -0.166914358735 
1.05602419376 0.0356359854341 -0.162694081664 
1.04130792618 0.122262261808 -0.205727234483 
0.940530657768 0.104162305593 -0.126057133079 
1.04130792618 0.122262261808 -0.205727234483 
1.02443194389 0.218348383904 -0.199488520622 
0.940530657768 0.104162305593 -0.126057133079 
1.02443194389 0.218348383904 -0.199488520622 
1.01032483578 0.301596075296 -0.150415033102 
0.940530657768 0.104162305593 -0.126057133079 
1.0059145689 0.326401352882 0.104346312582 
0.930319488049 0.211384996772 0.100308835506 
0.898555874825 0.217758238316 -0.0283244326711 
1.03448939323 0.160966679454 0.194195404649 
0.916873693466 0.0727907940745 0.023655699566 
0.930319488049 0.211384996772 0.100308835506 
1.03448939323 0.160966679454 0.194195404649 
1.05053400993 0.0678015127778 0.168970942497 
0.916873693466 0.0727907940745 0.023655699566 
1.05053400993 0.0678015127778 0.168970942497 
1.06336545944 -0.00430602999404 0.10437438637 
0.916873693466 0.0727907940745 0.023655699566 
0.940530657768 0.104162305593 -0.126057133079 
0.898555874825 0.217758238316 -0.0283244326711 
0.916873693466 0.0727907940745 0.023655699566 
-0.0426599830389 -0.192886769772 0.166959449649 
0.0400607287884 -0.163350939751 -0.16451625526 
0.0729756876826 -0.156697958708 0.16133479774 
-0.132253721356 -0.152967169881 -0.164380356669 
-0.0421809852123 -0.194152235985 -0.164967834949 
-0.0443873815238 -0.1969833076 0.166912019253 
0.0729756876826 -0.156697958708 0.16133479774 
0.131483912468 -0.144624218345 -0.130807563663 
0.140263006091 -0.148766294122 0.122103698552 
-0.195933878422 0.00999408680946 -0.156600624323 
-0.188186943531 0.0277052298188 0.150270417333 
-0.198797389865 0.0844059363008 -0.0992578938603 
0.140263006091 -0.148766294122 0.122103698552 
0.131483912468 -0.144624218345 -0.130807563663 
0.190623492002 -0.14523050189 0.038055960089 
-0.198797389865 0.0844059363008 -0.0992578938603 
-0.199896782637 0.102225340903 0.0806828290224 
-0.202443942428 0.120180815458 -0.0220413971692 
0.0429490730166 0.00752054154873 -0.319999814034 
0.0556271336973 -0.0289397612214 -0.319999754429 
0.0215263385326 -0.0313989929855 -0.319999873638 
0.0194677375257 -0.0612010993063 -0.31999990344 
-0.00716355955228 -0.042461656034 -0.31999990344 
-0.0336020998657 -0.0586383230984 -0.319999843836 
-0.018065482378 0.0187882557511 -0.319999873638 
0.006622383371 -0.000456595531432 -0.31999990344 
-0.0187897086143 -0.0179926641285 -0.319999992847 
-0.0523238703609 -0.0240332819521 -0.319999873638 
0.0213658045977 -0.06395550817249999 0.319999933243 
0.00947290379554 -0.0428721122444 0.319999963045 
-0.0206967014819 -0.0264598410577 0.319999992847 
-0.03835041821 0.00738178240135 0.319999933243 
-0.0470365695655 -0.0467397756875 0.319999992847 
0.0369024313986 0.0134710073471 0.319999992847 
0.00218695821241 -0.000849214324262 0.319999963045 
0.0222919527441 -0.0190064273775 0.319999992847 
0.0556241869926 -0.0211338251829 0.319999963045 
0.0657257512212 -0.0512911118567 0.255148053169 
0.0279190056026 -0.0886327326298 0.252179682255 
0.11146209389 -0.157013580203 0.188527002931 
0.07489906251429999 -0.174432903528 0.162343174219 
0.11146209389 -0.157013580203 0.188527002931 
-0.0487786345184 -0.212939158082 0.168101802468 
0.147686690092 -0.164296656847 0.123720698059 
0.149740755558 -0.162006989121 0.194019764662 
0.11146209389 -0.157013580203 0.188527002931 
0.142368644476 -0.136667132378 -0.181441515684 
0.154099196196 -0.0838121026754 -0.232551336288 
0.838631272316 0.0369372554123 -0.237360835075 
0.237821653485 0.26284134388 -0.130350187421 
-0.07877269387249999 0.226995393634 0.06970702856780001 
0.70001155138 0.371930241585 -0.0133726019412 
0.241166219115 0.100780941546 0.294592112303 
0.718677341938 0.278621822596 0.209532767534 
0.0549630708992 0.173959419131 0.205120533705 
0.7209435701369999 -0.0449305698276 0.243935763836 
0.252248883247 -0.100901469588 0.266705214977 
0.136900708079 -0.159662336111 0.19925417006 
0.831282317638 0.133739322424 0.268369585276 
0.7209435701369999 -0.0449305698276 0.243935763836 
1.04206931591 0.102382197976 0.180288076401 
-0.0541231818497 0.0168674848974 -0.368818759918 
0.0426928736269 0.0379494093359 -0.268736839294 
0.0431412681937 0.0356990806758 -0.366739571095 
-0.0501108914614 0.00844827666879 0.371388852596 
-0.0500413402915 0.0060641807504 0.269839286804 
0.0417271703482 0.0302229877561 0.268899708986 
-0.0535905919969 0.0152495568618 0.368392318487 
0.0425475649536 0.0408880598843 0.36703696847 
-0.0535096116364 0.0132749788463 0.269723892212 
-0.0501108914614 0.00844827666879 0.371388852596 
0.0417271703482 0.0302229877561 0.268899708986 
0.0437499843538 0.0268118083477 0.369408130646 
0.06808346509929999 -0.173463985324 -0.398442655802 
-0.0435350015759 -0.247077390552 -0.382309645414 
0.0192228127271 -0.121434092522 -0.409117221832 
-0.0876892060041 -0.06371948122980001 -0.403564125299 
0.0192228127271 -0.121434092522 -0.409117221832 
-0.0435350015759 -0.247077390552 -0.382309645414 
-0.249015495181 -0.213310539722 -0.339504688978 
-0.0876892060041 -0.06371948122980001 -0.403564125299 
-0.0435350015759 -0.247077390552 -0.382309645414 
-0.407582998276 -0.201094433665 -0.198021233082 
-0.331149280071 -0.040167234838 -0.293204963207 
-0.249015495181 -0.213310539722 -0.339504688978 
-0.453875869513 -0.0602705925703 -0.121765747666 
-0.331149280071 -0.040167234838 -0.293204963207 
-0.407582998276 -0.201094433665 -0.198021233082 
-0.418852388859 -0.202389732003 0.180561825633 
-0.459634840488 -0.0563617683947 0.1199009642 
-0.472082048655 -0.204663589597 1.04054811345e-06 
-0.249015495181 -0.213310539722 -0.339504688978 
-0.331149280071 -0.040167234838 -0.293204963207 
-0.0876892060041 -0.06371948122980001 -0.403564125299 
-0.309123516083 -0.183726653457 0.316523432732 
-0.379603415728 0.10398132354 0.169835805893 
-0.459634840488 -0.0563617683947 0.1199009642 
-0.453875869513 -0.0602705925703 -0.121765747666 
-0.360902100801 0.134862661362 -0.170822143555 
-0.331149280071 -0.040167234838 -0.293204963207 
-0.143216237426 -0.240589439869 0.386173933744 
-0.028434753418 -0.0593865960836 0.406668305397 
-0.198162525892 0.0561837740242 0.352753579617 
-0.198162525892 0.0561837740242 0.352753579617 
-0.08430297672750001 0.227223500609 0.264383524656 
-0.218715503812 0.268091112375 0.172898560762 
-0.0762939453125 0.195812985301 -0.307278424501 
0.0194027703255 0.138364553452 -0.356058657169 
-0.191313624382 0.103542476892 -0.339671611786 
-0.198162525892 0.0561837740242 0.352753579617 
-0.028434753418 -0.0593865960836 0.406668305397 
0.0175317376852 0.136959835887 0.351503282785 
-0.191313624382 0.103542476892 -0.339671611786 
0.0194027703255 0.138364553452 -0.356058657169 
-0.0876892060041 -0.06371948122980001 -0.403564125299 
0.0175317376852 0.136959835887 0.351503282785 
-0.028434753418 -0.0593865960836 0.406668305397 
0.112965837121 0.031364262104 0.37479442358 
0.0194027703255 0.138364553452 -0.356058657169 
0.07978332042690001 0.0735540762544 -0.370823442936 
-0.0876892060041 -0.06371948122980001 -0.403564125299 
-0.028434753418 -0.0593865960836 0.406668305397 
0.0542873367667 -0.186688572168 0.404852777719 
0.112965837121 0.031364262104 0.37479442358 
0.124775238335 -0.0809712931514 -0.374331504107 
0.0192228127271 -0.121434092522 -0.409117221832 
0.128879621625 -0.046879272908 -0.374026328325 
0.124775238335 -0.0809712931514 -0.374331504107 
0.0665718466043 -0.171597495675 -0.394990354776 
0.0192228127271 -0.121434092522 -0.409117221832 
-0.079740293324 -0.00306365964934 0.360801160336 
0.0997706875205 -0.106046333909 0.367436885834 
0.0696813538671 -0.159353122115 0.365831136703 
0.09954550862310001 -0.106246858835 -0.366343796253 
0.104548111558 -0.0113374888897 -0.349182844162 
-0.0264978017658 -0.0464163199067 -0.370386123657 
-0.079740293324 -0.00306365964934 0.360801160336 
-0.272097170353 0.105199128389 0.223282769322 
-0.120226435363 0.238397285342 0.218832999468 
0.0334777832031 0.128430470824 -0.321103811264 
-0.199851989746 0.00806724559516 -0.32233017683 
-0.0264978017658 -0.0464163199067 -0.370386123657 
-0.272097170353 0.105199128389 0.223282769322 
-0.341415286064 0.153354004025 0.0153301618993 
-0.120226435363 0.238397285342 0.218832999468 
-0.179485753179 0.304482877254 -0.0119068901986 
-0.295442283154 0.147586971521 -0.146347045898 
-0.115286938846 0.234632641077 -0.222922205925 
-0.199851989746 0.00806724559516 -0.32233017683 
-0.295442283154 0.147586971521 -0.146347045898 
-0.394537180662 -0.00755493156612 -0.11958129704 
-0.295442283154 0.147586971521 -0.146347045898 
-0.341415286064 0.153354004025 0.0153301618993 
-0.394537180662 -0.00755493156612 -0.11958129704 
-0.290165394545 -0.214570835233 0.281622320414 
-0.405145853758 -0.0258734133095 0.110799103975 
-0.272097170353 0.105199128389 0.223282769322 
-0.394537180662 -0.00755493156612 -0.11958129704 
-0.368359357119 -0.215654909611 -0.205858156085 
-0.199851989746 0.00806724559516 -0.32233017683 
-0.394537180662 -0.00755493156612 -0.11958129704 
-0.405145853758 -0.0258734133095 0.110799103975 
-0.434043556452 -0.230973064899 -9.882021601019999e-08 
-0.392894268036 -0.221025079489 0.151623532176 
-0.434043556452 -0.230973064899 -9.882021601019999e-08 
-0.405145853758 -0.0258734133095 0.110799103975 
-0.199851989746 0.00806724559516 -0.32233017683 
-0.368359357119 -0.215654909611 -0.205858156085 
-0.281892687082 -0.21632270515 -0.285375058651 
-0.079740293324 -0.00306365964934 0.360801160336 
-0.0586134307086 -0.221665933728 0.367566823959 
-0.290165394545 -0.214570835233 0.281622320414 
-0.199851989746 0.00806724559516 -0.32233017683 
-0.0623165294528 -0.222415417433 -0.361417025328 
-0.0264978017658 -0.0464163199067 -0.370386123657 
-0.0264978017658 -0.0464163199067 -0.370386123657 
-0.009911766275760001 -0.222909137607 -0.365673184395 
0.071242146194 -0.160127267241 -0.37006303668 
-0.0586134307086 -0.221665933728 0.367566823959 
0.0696813538671 -0.159353122115 0.365831136703 
0.00320723536424 -0.224501445889 0.373687505722 
-0.344837635756 -0.206448361278 -0.227458491921 
-0.417391806841 -0.226304322481 -0.0974163785577 
-0.463828891516 -0.20892997086 -0.0799420177937 
-0.310554206371 -0.215485230088 -0.273715823889 
-0.463828891516 -0.20892997086 -0.0799420177937 
-0.407582998276 -0.201094433665 -0.198021233082 
-0.468642115593 -0.20949152112 0.0661614984274 
-0.344837635756 -0.206447139382 0.227458491921 
-0.310595691204 -0.215141907334 0.273468017578 
-0.403759747744 -0.199642792344 0.20166015625 
-0.310595691204 -0.215141907334 0.273468017578 
-0.309123516083 -0.183726653457 0.316523432732 
-0.260405272245 -0.21873870492 0.306836545467 
-0.310595691204 -0.215141907334 0.273468017578 
-0.344837635756 -0.206447139382 0.227458491921 
-0.260407716036 -0.21873870492 -0.306837141514 
-0.344837635756 -0.206448361278 -0.227458491921 
-0.310554206371 -0.215485230088 -0.273715823889 
-0.205664590001 0.305747717619 -0.10353256017 
-0.198284909129 0.311882615089 0.0541357398033 
-0.167971670628 0.306569129229 -0.0458692908287 
-0.205664590001 0.305747717619 -0.10353256017 
-0.167971670628 0.306569129229 -0.0458692908287 
-0.12883849442 0.251219779253 -0.211477041245 
-0.198284909129 0.311882615089 0.0541357398033 
-0.125313565135 0.245457753539 0.218979492784 
-0.165099292994 0.290240168571 0.0936596691608 
-0.205664590001 0.305747717619 -0.10353256017 
-0.12883849442 0.251219779253 -0.211477041245 
-0.0762939453125 0.195812985301 -0.307278424501 
-0.0005944824079050001 0.163208916783 0.32194212079 
-0.0504418946803 0.184723511338 0.283507674932 
-0.125313565135 0.245457753539 0.218979492784 
-0.124798350036 0.250133663416 -0.202303469181 
-0.0504394508898 0.184721067548 -0.283506780863 
-0.12883849442 0.251219779253 -0.211477041245 
0.124775238335 -0.0809712931514 -0.374331504107 
0.0843495130539 -0.164551839232 -0.381173819304 
0.0665718466043 -0.171597495675 -0.394990354776 
0.0996057093143 -0.0997792035341 -0.370288699865 
0.0687408447266 -0.161305084825 -0.364929199219 
0.06569274514909999 -0.181376039982 -0.373946517706 
0.0656951889396 -0.181387320161 0.373935550451 
0.0696813538671 -0.159353122115 0.365831136703 
0.114724725485 -0.102631531656 0.375562131405 
0.096934735775 -0.142970576882 0.393562853336 
-0.0395124815404 -0.250557392836 0.397618412971 
0.0128100579605 -0.224308699369 0.378824293613 
0.0665718466043 -0.171597495675 -0.394990354776 
0.0109481811523 -0.223573714495 -0.378523260355 
0.06808346509929999 -0.173463985324 -0.398442655802 
0.00585441570729 -0.229152143002 0.379319638014 
0.0157559197396 -0.219731405377 0.373197317123 
0.0841896012425 -0.164791554213 0.381160736084 
0.0687408447266 -0.161305084825 -0.364929199219 
-0.009911766275760001 -0.222909137607 -0.365673184395 
0.06569274514909999 -0.181376039982 -0.373946517706 
0.096934735775 -0.142970576882 0.393562853336 
0.0841896012425 -0.164791554213 0.381160736084 
0.114190064371 -0.114696651697 0.373417496681 
0.114724725485 -0.102631531656 0.375562131405 
0.100745543838 -0.0951203107834 0.369214475155 
0.121175684035 -0.0262326039374 0.36304473877 
0.10137283057 -0.0109295649454 -0.360808104277 
0.0996057093143 -0.0997792035341 -0.370288699865 
0.121175840497 -0.0262333676219 -0.363043814898 
0.07978332042690001 0.0735540762544 -0.370823442936 
0.120658949018 -0.0367797836661 -0.365333467722 
0.128879621625 -0.046879272908 -0.374026328325 
0.09994125366209999 0.0579526871443 0.350769042969 
0.121175684035 -0.0262326039374 0.36304473877 
0.101372681558 -0.010929107666 0.360808104277 
0.0999416336417 0.0579528808594 -0.350767195225 
0.10137283057 -0.0109295649454 -0.360808104277 
0.121175840497 -0.0262333676219 -0.363043814898 
0.112965837121 0.031364262104 0.37479442358 
0.120658874512 -0.0367810055614 0.365333616734 
0.09385772794489999 0.0650750696659 0.350850969553 
0.07978332042690001 0.0735540762544 -0.370823442936 
0.0938586369157 0.06507629156109999 -0.350851267576 
0.120658949018 -0.0367797836661 -0.365333467722 
0.07762269675730001 0.0273930728436 -0.344713538885 
0.10137283057 -0.0109295649454 -0.360808104277 
0.0999416336417 0.0579528808594 -0.350767195225 
-0.143216237426 -0.240589439869 0.386173933744 
-0.0795705765486 -0.251894056797 0.370063632727 
-0.0446611009538 -0.245682999492 0.378386080265 
0.0109481811523 -0.223573714495 -0.378523260355 
-0.07476623356339999 -0.246966928244 -0.363629490137 
-0.0435350015759 -0.247077390552 -0.382309645414 
0.00585441570729 -0.229152143002 0.379319638014 
-0.0793633982539 -0.247308567166 0.35577622056 
0.0157559197396 -0.219731405377 0.373197317123 
0.00585456844419 -0.229152068496 -0.379319727421 
0.0265020746738 -0.218556508422 -0.373001247644 
-0.0793640092015 -0.247308492661 -0.355776041746 
-0.009911766275760001 -0.222909137607 -0.365673184395 
-0.104086190462 -0.23804461956 -0.354525208473 
0.00484920479357 -0.224089592695 -0.37635448575 
0.00320723536424 -0.224501445889 0.373687505722 
0.0696813538671 -0.159353122115 0.365831136703 
0.0656951889396 -0.181387320161 0.373935550451 
-0.0762939453125 0.195812985301 -0.307278424501 
0.000471191393444 0.162848815322 -0.322429180145 
0.07978332042690001 0.0735540762544 -0.370823442936 
0.0175317376852 0.136959835887 0.351503282785 
0.0596862770617 0.0917834416032 0.364767760038 
-0.0005944824079050001 0.163208916783 0.32194212079 
0.09994125366209999 0.0579526871443 0.350769042969 
0.0774992853403 0.027495784685 0.345232307911 
0.0310256946832 0.1304820925 0.320254981518 
0.0596862770617 0.0917834416032 0.364767760038 
0.112965837121 0.031364262104 0.37479442358 
-0.0005944824079050001 0.163208916783 0.32194212079 
-0.0005944824079050001 0.163208916783 0.32194212079 
0.112965837121 0.031364262104 0.37479442358 
0.09385772794489999 0.0650750696659 0.350850969553 
0.000471191393444 0.162848815322 -0.322429180145 
0.0938586369157 0.06507629156109999 -0.350851267576 
0.07978332042690001 0.0735540762544 -0.370823442936 
0.0334777832031 0.128430470824 -0.321103811264 
0.07762269675730001 0.0273930728436 -0.344713538885 
0.0999416336417 0.0579528808594 -0.350767195225 
-0.0795705392957 -0.251893758774 -0.370063632727 
-0.249015495181 -0.213310539722 -0.339504688978 
-0.119093194604 -0.237470388412 -0.382405012846 
-0.07476623356339999 -0.246966928244 -0.363629490137 
-0.21909789741 -0.237682566047 -0.339381635189 
-0.0795705392957 -0.251893758774 -0.370063632727 
-0.0367154367268 -0.0706027522683 0.371405273676 
0.0565769188106 -0.0561780519783 0.268934339285 
0.0578095577657 -0.0542788915336 0.369408041239 
-0.0377418138087 -0.0761603713036 0.368392556906 
0.0614159852266 -0.06793825328350001 0.367036998272 
-0.0383303388953 -0.0742736905813 0.269723892212 
0.0565769001842 -0.0561781302094 -0.268934339285 
-0.0374919585884 -0.0663161948323 -0.269839406013 
-0.0367154404521 -0.07060277462010001 -0.371405482292 
-0.037698674947 -0.0778630450368 -0.368818849325 
0.0605635344982 -0.0651222616434 -0.268736809492 
0.0602281801403 -0.0628522112966 -0.366739571095 
1.09801077843 0.169994294643 0.189403146505 
1.18788695335 0.0517378225923 0.0774020403624 
1.21847450733 0.238324671984 0.029961546883 
1.21847450733 0.238324671984 0.029961546883 
1.17830121517 0.0531130954623 -0.08675231784579999 
1.14535784721 0.18074055016 -0.169258415699 
1.18788695335 0.0517378225923 0.0774020403624 
1.09801077843 0.169994294643 0.189403146505 
1.00623893738 -0.0123417470604 0.102995127439 
1.18788695335 0.0517378225923 0.0774020403624 
1.06866288185 -0.0332921631634 -0.0213949196041 
1.17830121517 0.0531130954623 -0.08675231784579999 
1.17830121517 0.0531130954623 -0.08675231784579999 
1.00329768658 0.0294504258782 -0.150286331773 
1.14535784721 0.18074055016 -0.169258415699 
0.9562912583349999 0.19955432415 -0.175593197346 
1.0691395998 0.322073817253 -0.111499555409 
1.14535784721 0.18074055016 -0.169258415699 
1.0691395998 0.322073817253 -0.111499555409 
1.06595671177 0.304286181927 0.127902060747 
1.21847450733 0.238324671984 0.029961546883 
0.9562912583349999 0.19955432415 -0.175593197346 
0.957039296627 0.335392802954 -0.0270908344537 
1.0691395998 0.322073817253 -0.111499555409 
1.00329768658 0.0294504258782 -0.150286331773 
0.878513157368 0.0562748499215 -0.0816313177347 
0.9562912583349999 0.19955432415 -0.175593197346 
0.84261983633 0.172436475754 -0.00412325840443 
0.957039296627 0.335392802954 -0.0270908344537 
0.9562912583349999 0.19955432415 -0.175593197346 
1.00329768658 0.0294504258782 -0.150286331773 
1.00623893738 -0.0123417470604 0.102995127439 
0.878513157368 0.0562748499215 -0.0816313177347 
0.923751354218 0.255916118622 0.122796781361 
1.09801077843 0.169994294643 0.189403146505 
1.06595671177 0.304286181927 0.127902060747 
1.06628358364 -0.0312503054738 -0.07896911352869999 
1.06403255463 -0.0140982056037 0.103215329349 
0.706670224667 -0.144574701786 0.0125951385126 
1.00608408451 0.322803020477 -0.147986441851 
1.01681697369 0.256136476994 -0.186789542437 
0.752822220325 0.159034579992 -0.26126986742 
1.00125932693 0.346898198128 0.0791369602084 
1.00608408451 0.322803020477 -0.147986441851 
0.70001155138 0.371930241585 -0.0133726019412 
0.737906932831 -0.109548337758 -0.13001678884 
1.06628358364 -0.0312503054738 -0.07896911352869999 
0.706670224667 -0.144574701786 0.0125951385126 
0.838631272316 0.0369372554123 -0.237360835075 
1.06628358364 -0.0312503054738 -0.07896911352869999 
0.737906932831 -0.109548337758 -0.13001678884 
0.718677341938 0.278621822596 0.209532767534 
1.00125932693 0.346898198128 0.0791369602084 
0.70001155138 0.371930241585 -0.0133726019412 
0.237821653485 0.26284134388 -0.130350187421 
1.00608408451 0.322803020477 -0.147986441851 
0.752822220325 0.159034579992 -0.26126986742 
0.142368644476 -0.136667132378 -0.181441515684 
0.737906932831 -0.109548337758 -0.13001678884 
0.375676214695 -0.157878547907 -0.0544743351638 
0.718677341938 0.278621822596 0.209532767534 
0.70001155138 0.371930241585 -0.0133726019412 
-0.07877269387249999 0.226995393634 0.06970702856780001 
0.375676214695 -0.157878547907 -0.0544743351638 
0.706670224667 -0.144574701786 0.0125951385126 
0.149740755558 -0.162006989121 0.194019764662 
0.136900708079 -0.159662336111 0.19925417006 
0.149740755558 -0.162006989121 0.194019764662 
0.7209435701369999 -0.0449305698276 0.243935763836 
0.149740755558 -0.162006989121 0.194019764662 
1.06403255463 -0.0140982056037 0.103215329349 
0.7209435701369999 -0.0449305698276 0.243935763836 
0.706670224667 -0.144574701786 0.0125951385126 
1.06403255463 -0.0140982056037 0.103215329349 
0.149740755558 -0.162006989121 0.194019764662 
1.04206931591 0.102382197976 0.180288076401 
0.7209435701369999 -0.0449305698276 0.243935763836 
1.06403255463 -0.0140982056037 0.103215329349 
1.04206931591 0.102382197976 0.180288076401 
1.02063548565 0.228668212891 0.178267210722 
0.831282317638 0.133739322424 0.268369585276 
0.141756296158 -0.131629794836 -0.17681479454 
0.119841694832 -0.163919597864 -0.142258092761 
0.09839944541450001 -0.169927701354 -0.179251939058 
0.154099196196 -0.0838121026754 -0.232551336288 
0.142368644476 -0.136667132378 -0.181441515684 
0.0977681204677 -0.164549097419 -0.178528368473 
0.029512424022 0.041513338685 0.250386416912 
0.241166219115 0.100780941546 0.294592112303 
0.0549630708992 0.173959419131 0.205120533705 
0.375676214695 -0.157878547907 -0.0544743351638 
0.149740755558 -0.162006989121 0.194019764662 
0.196697190404 -0.160955622792 0.0381348393857 
0.0669795572758 0.00255645741709 0.256341844797 
0.0657257512212 -0.0512911118567 0.255148053169 
0.24565474689 -0.103705719113 0.277765750885 
-0.0718826130033 -0.019583106041 -0.258894771338 
-0.0482149124146 -0.07004631310700001 -0.24744848907 
-0.104361444712 -0.208554893732 -0.176133155823 
-0.0656000822783 -0.0493825525045 0.256219506264 
-0.141198933125 -0.169474333525 0.168883249164 
-0.0487786345184 -0.212939158082 0.168101802468 
-0.026962660253 0.0454722903669 0.259505033493 
0.0549630708992 0.173959419131 0.205120533705 
-0.07877269387249999 0.226995393634 0.06970702856780001 
-0.104361444712 -0.208554893732 -0.176133155823 
-0.000104440448922 -0.0921630188823 -0.249409899116 
0.09839944541450001 -0.169927701354 -0.179251939058 
-0.104361444712 -0.208554893732 -0.176133155823 
0.09839944541450001 -0.169927701354 -0.179251939058 
0.06654029339549999 -0.17236572504 -0.164660274982 
-0.0995872691274 0.137443840504 -0.192836150527 
-0.0459932126105 0.0274800099432 -0.248082578182 
-0.0718826130033 -0.019583106041 -0.258894771338 
-0.082816272974 0.23232460022 -0.037029646337 
-0.0995872691274 0.137443840504 -0.192836150527 
-0.216911047697 0.116927199066 -0.0229227151722 
-0.213528454304 0.0999037921429 0.0792586654425 
-0.07877269387249999 0.226995393634 0.06970702856780001 
-0.216911047697 0.116927199066 -0.0229227151722 
-0.212555199862 0.0539037175477 -0.136529445648 
-0.0718826130033 -0.019583106041 -0.258894771338 
-0.170629844069 -0.132970556617 -0.168074145913 
-0.0623616874218 0.00578546524048 0.2504144907 
-0.212244823575 0.0286986436695 0.156674936414 
-0.0656000822783 -0.0493825525045 0.256219506264 
-0.0483559854329 -0.213121980429 -0.165073275566 
-0.104361444712 -0.208554893732 -0.176133155823 
0.06654029339549999 -0.17236572504 -0.164660274982 
0.119935758412 0.124386899173 -0.227310791612 
-0.0995872691274 0.137443840504 -0.192836150527 
0.237821653485 0.26284134388 -0.130350187421 
0.119935758412 0.124386899173 -0.227310791612 
0.06351338326930001 0.0168333929032 -0.253874778748 
0.016905143857 0.0429992005229 -0.235471427441 
0.0798700302839 -0.0711303725839 -0.227203369141 
0.0403115749359 -0.0800619870424 -0.250542998314 
0.0602085478604 0.0157344620675 -0.249159693718 
0.0267746727914 -0.0877421870828 0.259999960661 
-0.0465227887034 0.027969321236 0.259999990463 
-0.0287580359727 -0.06307677924629999 0.259999960661 
0.05876070261 -0.0317862704396 0.260000020266 
0.000644611020107 -0.07293321937320001 0.319999992847 
0.05876070261 -0.0317862704396 0.260000020266 
-0.0299465693533 0.0211446490139 0.259999841452 
0.0477040484548 0.0133138252422 0.319999843836 
-0.0299465693533 0.0211446490139 0.259999841452 
-0.0287580359727 -0.06307677924629999 0.259999960661 
-0.0521180815995 -0.0105008529499 0.32000002265 
-0.0370361991227 -0.06610936671500001 -0.319999873638 
-0.0505951195955 -0.0554430708289 -0.259999990463 
-0.0183525457978 0.0194109268486 -0.31999963522 
0.00621036998928 0.0222702138126 -0.260000050068 
0.0595108829439 -0.0207207649946 -0.259999573231 
0.0595743507147 -0.0125451423228 -0.319999039173 
0.0595743507147 -0.0125451423228 -0.319999039173 
0.0595108829439 -0.0207207649946 -0.259999573231 
-0.0370361991227 -0.06610936671500001 -0.319999873638 
0.0789751112461 -0.008124961517750001 0.259482175112 
-0.0244916249067 -0.09232378005980001 0.260000020266 
0.0455306991935 -0.0762646496296 0.25030708313 
0.0789751112461 -0.008124961517750001 0.259482175112 
-0.0225210562348 0.0474735423923 0.249028638005 
-0.0629345625639 0.0228825397789 0.259988129139 
-0.0424221418798 -0.08514405786989999   0.25 
-0.0629345625639 0.0228825397789 0.259988129139 
-0.0225210562348 0.0474735423923 0.249028638005 
-0.0244916249067 -0.09232378005980001 0.260000020266 
-0.0629345625639 0.0228825397789 0.259988129139 
-0.0424221418798 -0.08514405786989999   0.25 
-0.07301723212 -0.00586514081806 -0.259993493557 
0.041756208986 -0.0961937755346 -0.259999215603 
-0.0469897836447 -0.0832260325551 -0.249999970198 
-0.0489765591919 0.0306554976851 -0.249993905425 
-0.07301723212 -0.00586514081806 -0.259993493557 
-0.0469897836447 -0.0832260325551 -0.249999970198 
0.041756208986 -0.0961937755346 -0.259999215603 
0.0322014391422 0.0467283241451 -0.260015726089 
0.0602085478604 0.0157344620675 -0.249159693718 
-0.0469897836447 -0.0832260325551 -0.249999970198 
0.041756208986 -0.0961937755346 -0.259999215603 
0.0403115749359 -0.0800619870424 -0.250542998314 
0.206736773252 -0.16176764667 -0.00374687183648 
0.09456153959040001 -0.168814539909 0.163025200367 
0.202005460858 -0.145904168487 -0.0163921359926 
0.0419311523438 -0.163915589452 -0.170837849379 
0.102836452425 -0.164004996419 -0.16267439723 
0.202005460858 -0.145904168487 -0.0163921359926 
-0.201860040426 0.108002662659 -0.0853272229433 
-0.197890922427 -0.0398259311914 -0.179139018059 
-0.166305363178 -0.104495055974 -0.166914358735 
-0.192546904087 -0.0545730814338 0.172376394272 
-0.21828828752 0.126874655485 0.0321516804397 
-0.195689290762 0.08026651293040001 0.117096103728 
-0.195689290762 0.08026651293040001 0.117096103728 
-0.21828828752 0.126874655485 0.0321516804397 
-0.201860040426 0.108002662659 -0.0853272229433 
-0.0686633214355 -0.213435322046 -0.165572658181 
0.102836452425 -0.164004996419 -0.16267439723 
-0.061077516526 -0.194839581847 -0.16481885314 
-0.166305363178 -0.104495055974 -0.166914358735 
-0.164441302419 -0.135049298406 -0.164475500584 
-0.061077516526 -0.194839581847 -0.16481885314 
-0.06487136334180001 -0.211819678545 0.16695868969 
-0.161518707871 -0.134720802307 0.16695868969 
-0.0578496269882 -0.192252665758 0.167575225234 
-0.161518707871 -0.134720802307 0.16695868969 
-0.192546904087 -0.0545730814338 0.172376394272 
-0.164124548435 -0.103740811348 0.169030115008 
-0.0578496269882 -0.192252665758 0.167575225234 
0.131006777287 -0.148484572768 0.138677060604 
0.09456153959040001 -0.168814539909 0.163025200367 
1.06336545944 -0.00430602999404 0.10437438637 
1.06845259666 -0.0355517193675 0.011985167861 
0.916873693466 0.0727907940745 0.023655699566 
1.06845259666 -0.0355517193675 0.011985167861 
1.06645929813 -0.0227923579514 -0.0849060043693 
0.916873693466 0.0727907940745 0.023655699566 
0.916873693466 0.0727907940745 0.023655699566 
1.06645929813 -0.0227923579514 -0.0849060043693 
0.940530657768 0.104162305593 -0.126057133079 
1.06645929813 -0.0227923579514 -0.0849060043693 
1.05602419376 0.0356359854341 -0.162694081664 
0.940530657768 0.104162305593 -0.126057133079 
0.940530657768 0.104162305593 -0.126057133079 
1.01032483578 0.301596075296 -0.150415033102 
0.898555874825 0.217758238316 -0.0283244326711 
1.01032483578 0.301596075296 -0.150415033102 
1.00040614605 0.360880374908 -0.0277888476849 
0.898555874825 0.217758238316 -0.0283244326711 
1.00040614605 0.360880374908 -0.0277888476849 
1.0059145689 0.326401352882 0.104346312582 
0.898555874825 0.217758238316 -0.0283244326711 
1.0059145689 0.326401352882 0.104346312582 
1.018232584 0.254095464945 0.168973386288 
0.930319488049 0.211384996772 0.100308835506 
1.018232584 0.254095464945 0.168973386288 
1.03448939323 0.160966679454 0.194195404649 
0.930319488049 0.211384996772 0.100308835506 
0.898555874825 0.217758238316 -0.0283244326711 
0.930319488049 0.211384996772 0.100308835506 
0.916873693466 0.0727907940745 0.023655699566 
-0.0426599830389 -0.192886769772 0.166959449649 
-0.0421590693295 -0.194057285786 -0.164968296885 
0.0400607287884 -0.163350939751 -0.16451625526 
-0.0443873815238 -0.1969833076 0.166912019253 
-0.176316693425 -0.0757833495736 0.168002352118 
-0.132253721356 -0.152967169881 -0.164380356669 
-0.195933878422 0.00999408680946 -0.156600624323 
-0.132253721356 -0.152967169881 -0.164380356669 
-0.176316693425 -0.0757833495736 0.168002352118 
-0.195933878422 0.00999408680946 -0.156600624323 
-0.176316693425 -0.0757833495736 0.168002352118 
-0.188186943531 0.0277052298188 0.150270417333 
0.131483912468 -0.144624218345 -0.130807563663 
0.0729756876826 -0.156697958708 0.16133479774 
0.0400607287884 -0.163350939751 -0.16451625526 
0.194076612592 -0.146600052714 -0.033323135227 
0.190623492002 -0.14523050189 0.038055960089 
0.131483912468 -0.144624218345 -0.130807563663 
-0.198797389865 0.0844059363008 -0.0992578938603 
-0.188186943531 0.0277052298188 0.150270417333 
-0.199896782637 0.102225340903 0.0806828290224 
0.11146209389 -0.157013580203 0.188527002931 
0.07489906251429999 -0.174432903528 0.162343174219 
0.147686690092 -0.164296656847 0.123720698059 
0.136900708079 -0.159662336111 0.19925417006 
0.0657257512212 -0.0512911118567 0.255148053169 
0.11146209389 -0.157013580203 0.188527002931 
0.838631272316 0.0369372554123 -0.237360835075 
0.154099196196 -0.0838121026754 -0.232551336288 
0.752822220325 0.159034579992 -0.26126986742 
-0.07877269387249999 0.226995393634 0.06970702856780001 
0.237821653485 0.26284134388 -0.130350187421 
-0.082816272974 0.23232460022 -0.037029646337 
-0.07877269387249999 0.226995393634 0.06970702856780001 
0.0549630708992 0.173959419131 0.205120533705 
0.718677341938 0.278621822596 0.209532767534 
0.718677341938 0.278621822596 0.209532767534 
1.02063548565 0.228668212891 0.178267210722 
1.00125932693 0.346898198128 0.0791369602084 
0.0549630708992 0.173959419131 0.205120533705 
-0.026962660253 0.0454722903669 0.259505033493 
0.029512424022 0.041513338685 0.250386416912 
3 55 343 342 
3 343 1105 342 
3 1105 929 342 
3 929 1105 285 
3 343 673 333 
3 1105 893 285 
3 343 893 1105 
3 42 34 24 
3 34 255 24 
3 924 782 914 
3 782 924 238 
3 287 290 285 
3 547 290 914 
3 358 249 359 
3 782 610 914 
3 610 547 914 
3 42 61 55 
3 165 42 55 
3 165 55 342 
3 74 32 75 
3 32 74 673 
3 661 673 343 
3 311 334 287 
3 311 343 333 
3 311 893 343 
3 311 287 285 
3 893 311 285 
3 249 178 359 
3 163 260 30 
3 260 32 30 
3 255 158 24 
3 228 782 238 
3 335 74 75 
3 673 335 333 
3 74 335 673 
3 238 786 75 
3 222 358 13 
3 929 304 359 
3 304 929 285 
3 21 163 30 
3 61 21 30 
3 21 61 42 
3 21 24 23 
3 21 42 24 
3 180 343 55 
3 661 180 55 
3 180 661 343 
3 71 32 673 
3 661 71 673 
3 32 71 30 
3 71 61 30 
3 61 71 55 
3 71 661 55 
3 178 168 359 
3 168 929 359 
3 929 168 342 
3 168 165 342 
3 168 34 42 
3 165 168 42 
3 168 28 34 
3 28 168 178 
3 28 255 34 
3 28 178 249 
3 28 249 13 
3 260 229 32 
3 229 238 75 
3 32 229 75 
3 229 228 238 
3 24 152 23 
3 924 922 238 
3 922 913 238 
3 913 922 924 
3 334 1099 287 
3 1099 913 287 
3 786 1099 334 
3 1090 924 914 
3 1090 913 924 
3 290 1090 914 
3 1090 290 287 
3 535 311 333 
3 335 535 333 
3 358 847 249 
3 222 847 358 
3 249 847 13 
3 847 222 13 
3 610 12 358 
3 358 12 13 
3 12 610 782 
3 12 782 13 
3 1113 358 359 
3 304 1113 359 
3 160 21 23 
3 21 160 163 
3 160 147 163 
3 147 160 126 
3 152 160 23 
3 160 152 126 
3 228 269 782 
3 256 158 255 
3 264 256 255 
3 256 264 158 
3 147 713 163 
3 229 258 228 
3 258 229 260 
3 258 713 147 
3 713 258 163 
3 258 260 163 
3 228 258 126 
3 258 147 126 
3 208 786 238 
3 208 1099 786 
3 913 208 238 
3 1099 208 913 
3 913 887 287 
3 887 1090 287 
3 1090 887 913 
3 534 535 335 
3 534 335 75 
3 311 534 334 
3 535 534 311 
3 786 534 75 
3 534 786 334 
3 1113 877 358 
3 610 877 547 
3 877 610 358 
3 877 290 547 
3 290 877 285 
3 877 304 285 
3 877 1113 304 
3 269 263 782 
3 263 269 264 
3 263 264 255 
3 782 263 13 
3 263 28 13 
3 28 263 255 
3 269 145 264 
3 145 151 264 
3 145 228 126 
3 145 269 228 
3 152 145 126 
3 151 145 152 
3 264 20 158 
3 20 151 152 
3 158 20 24 
3 20 152 24 
3 151 718 264 
3 718 20 264 
3 20 718 151 
Vertices and facets:
- p343(v13):     1  0.32 -0.15
- p55(v6): -0.21  0.31  -0.1
- p342(v2):   0.7  0.37 -0.013
- p1105(v12):     1  0.36 -0.028
- p929(v21):     1  0.35 0.079
- p285(v1):   1.2  0.24  0.03
- p673(v22): 0.019  0.14 -0.36
- p333(v7):     1  0.26 -0.19
- p893(v23):   1.1  0.32 -0.11
- p34(v26): -0.38   0.1  0.17
- p42(v20): -0.38  0.18 -0.017
- p24(v11): -0.46 -0.056  0.12
- p255(v28): -0.31 -0.18  0.32
- p924(v30):  0.71 -0.14 0.013
- p782(v16): -0.04 -0.25   0.4
- p914(v9):   1.1 -0.014   0.1
- p238(v15): -0.044 -0.25 -0.38
- p290(v31):   1.2 0.052 0.077
- p287(v17):   1.2 0.053 -0.087
- p547(v18):   1.1 0.068  0.17
- p358(v33):  0.83  0.13  0.27
- p249(v25): 0.018  0.14  0.35
- p359(v8):  0.72  0.28  0.21
- p610(v34):  0.72 -0.045  0.24
- p61(v35): -0.36  0.13 -0.17
- p165(v36):  -0.2  0.31 0.054
- p32(v38): -0.088 -0.064  -0.4
- p74(v37):  0.08 0.074 -0.37
- p75(v3): 0.019 -0.12 -0.41
- p661(v39): -0.076   0.2 -0.31
- p311(v40):   1.1  0.18 -0.17
- p334(v32):     1   0.1  -0.2
- p178(v41): -0.084  0.23  0.26
- p260(v43): -0.25 -0.21 -0.34
- p163(v27): -0.41  -0.2  -0.2
- p30(v10): -0.33 -0.04 -0.29
- p158(v44):  -0.4  -0.2   0.2
- p228(v45): -0.08 -0.25 -0.37
- p335(v48):  0.75  0.16 -0.26
- p786(v49): 0.068 -0.17  -0.4
- p222(v50):  0.11 0.031  0.37
- p13(v5): -0.028 -0.059  0.41
- p304(v52):   1.1   0.3  0.13
- p21(v53): -0.45 -0.06 -0.12
- p23(v0): -0.47  -0.2 1e-06
- p180(v54): -0.13  0.25 -0.21
- p71(v55): -0.19   0.1 -0.34
- p168(v56): -0.22  0.27  0.17
- p28(v57):  -0.2 0.056  0.35
- p229(v58): -0.12 -0.24 -0.38
- p152(v59): -0.47 -0.21 0.066
- p922(v62):  0.74 -0.11 -0.13
- p913(v47):   1.1 -0.031 -0.079
- p1099(v63):   1.1 0.036 -0.16
- p1090(v64):   1.1 -0.036 0.012
- p535(v65):     1  0.22  -0.2
- p847(v66):  0.06 0.092  0.36
- p12(v67): 0.054 -0.19   0.4
- p1113(v68):     1  0.25  0.17
- p160(v69): -0.46 -0.21 -0.08
- p147(v46): -0.42 -0.23 -0.097
- p126(v29): -0.43 -0.23 -9.9e-08
- p269(v70): -0.08 -0.25  0.37
- p256(v71): -0.31 -0.22  0.27
- p264(v60): -0.22 -0.24  0.34
- p713(v73): -0.37 -0.22 -0.21
- p258(v74): -0.22 -0.24 -0.34
- p208(v75): 0.0059 -0.23 -0.38
- p887(v76):   1.1 -0.033 -0.021
- p534(v77):     1  0.12 -0.21
- p877(v78):   1.1  0.17  0.19
- p263(v79): -0.14 -0.24  0.39
- p145(v80): -0.43 -0.23 0.027
- p151(v72):  -0.4 -0.22  0.13
- p20(v81): -0.42  -0.2  0.18
- p718(v82): -0.39 -0.22  0.15
- f38
    - flags: bottom simplicial
    - normal:  -0.02748   0.9173  -0.3973
    - offset: -0.3272427
    - vertices: p343(v13) p55(v6) p342(v2)
    - neighboring facets: f152 f39 f239
- f39
    - flags: top simplicial
    - normal:   0.02062   0.9534   -0.301
    - offset: -0.3730546
    - vertices: p343(v13) p1105(v12) p342(v2)
    - neighboring facets: f78 f38 f94
- f78
    - flags: bottom simplicial
    - normal:   0.04264   0.9907   0.1292
    - offset: -0.3965942
    - vertices: p929(v21) p1105(v12) p342(v2)
    - neighboring facets: f39 f251 f81
- f81
    - flags: top simplicial
    - normal:    0.4644   0.8786   0.1112
    - offset: -0.7785386
    - vertices: p929(v21) p1105(v12) p285(v1)
    - neighboring facets: f93 f229 f78
- f85
    - flags: bottom simplicial
    - normal:   0.08474   0.5114  -0.8552
    - offset: -0.3768898
    - vertices: p673(v22) p343(v13) p333(v7)
    - neighboring facets: f171 f214 f164
- f93
    - flags: bottom simplicial
    - normal:    0.4902   0.8716 -0.001522
    - offset: -0.8050195
    - vertices: p893(v23) p1105(v12) p285(v1)
    - neighboring facets: f81 f174 f94
- f94
    - flags: bottom simplicial
    - normal:    0.1784   0.9404  -0.2895
    - offset: -0.5258793
    - vertices: p893(v23) p343(v13) p1105(v12)
    - neighboring facets: f39 f93 f172
- f104
    - flags: bottom simplicial
    - normal:   -0.9016   0.3956   0.1749
    - offset: -0.4130954
    - vertices: p34(v26) p42(v20) p24(v11)
    - neighboring facets: f238 f114 f253
- f114
    - flags: bottom simplicial
    - normal:   -0.7317   0.1587   0.6629
    - offset: -0.4068385
    - vertices: p255(v28) p34(v26) p24(v11)
    - neighboring facets: f104 f190 f257
- f120
    - flags: top simplicial
    - normal:    0.2697  -0.9249   0.2681
    - offset: -0.3276764
    - vertices: p924(v30) p782(v16) p914(v9)
    - neighboring facets: f139 f288 f121
- f121
    - flags: bottom simplicial
    - normal:     0.138  -0.9904 -0.005131
    - offset: -0.2406621
    - vertices: p924(v30) p782(v16) p238(v15)
    - neighboring facets: f194 f280 f120
- f124
    - flags: bottom simplicial
    - normal:    0.9826   -0.176 -0.05885
    - offset:  -1.153579
    - vertices: p290(v31) p287(v17) p285(v1)
    - neighboring facets: f173 f356 f291
- f127
    - flags: bottom simplicial
    - normal:    0.4305  -0.5209   0.7371
    - offset: -0.5414967
    - vertices: p290(v31) p547(v18) p914(v9)
    - neighboring facets: f140 f290 f355
- f133
    - flags: top simplicial
    - normal:   0.09317   0.4359   0.8951
    - offset: -0.3759845
    - vertices: p358(v33) p249(v25) p359(v8)
    - neighboring facets: f176 f305 f297
- f139
    - flags: bottom simplicial
    - normal:    0.3191  -0.7158   0.6211
    - offset: -0.4137126
    - vertices: p610(v34) p782(v16) p914(v9)
    - neighboring facets: f120 f140 f303
- f140
    - flags: top simplicial
    - normal:    0.3592  -0.5476   0.7557
    - offset:  -0.467907
    - vertices: p610(v34) p547(v18) p914(v9)
    - neighboring facets: f127 f139 f353
- f143
    - flags: bottom simplicial
    - normal:   -0.6415   0.7033  -0.3062
    - offset: -0.3786857
    - vertices: p61(v35) p42(v20) p55(v6)
    - neighboring facets: f149 f246 f236
- f149
    - flags: top simplicial
    - normal:   -0.5736   0.8191 -0.005022
    - offset:  -0.368933
    - vertices: p165(v36) p42(v20) p55(v6)
    - neighboring facets: f143 f152 f254
- f152
    - flags: top simplicial
    - normal:  -0.06931    0.997 -0.03555
    - offset: -0.3227545
    - vertices: p165(v36) p55(v6) p342(v2)
    - neighboring facets: f38 f252 f149
- f158
    - flags: bottom simplicial
    - normal:   0.04552   0.1789  -0.9828
    - offset: -0.3812406
    - vertices: p32(v38) p74(v37) p75(v3)
    - neighboring facets: f211 f263 f159
- f159
    - flags: top simplicial
    - normal:   0.00484   0.2264   -0.974
    - offset: -0.3782291
    - vertices: p32(v38) p74(v37) p673(v22)
    - neighboring facets: f215 f242 f158
- f164
    - flags: top simplicial
    - normal:   0.02933   0.6749  -0.7373
    - offset: -0.3564802
    - vertices: p661(v39) p673(v22) p343(v13)
    - neighboring facets: f85 f241 f243
- f170
    - flags: top simplicial
    - normal:    0.5325  -0.3583  -0.7669
    - offset: -0.6748983
    - vertices: p311(v40) p334(v32) p287(v17)
    - neighboring facets: f283 f173 f348
- f171
    - flags: top simplicial
    - normal:    0.4019   0.5081  -0.7618
    - offset: -0.6811117
    - vertices: p311(v40) p343(v13) p333(v7)
    - neighboring facets: f85 f295 f172
- f172
    - flags: top simplicial
    - normal:    0.4292   0.5303  -0.7312
    - offset:  -0.711199
    - vertices: p311(v40) p893(v23) p343(v13)
    - neighboring facets: f94 f171 f174
- f173
    - flags: top simplicial
    - normal:    0.9371  0.01647  -0.3487
    - offset:  -1.135303
    - vertices: p311(v40) p287(v17) p285(v1)
    - neighboring facets: f124 f174 f170
- f174
    - flags: bottom simplicial
    - normal:    0.7138   0.5579  -0.4233
    - offset: -0.9900806
    - vertices: p311(v40) p893(v23) p285(v1)
    - neighboring facets: f93 f173 f172
- f176
    - flags: bottom simplicial
    - normal:  0.004366    0.697   0.7171
    - offset: -0.3475848
    - vertices: p178(v41) p249(v25) p359(v8)
    - neighboring facets: f133 f248 f258
- f184
    - flags: bottom simplicial
    - normal:   -0.6661  -0.1191  -0.7363
    - offset: -0.4412483
    - vertices: p260(v43) p163(v27) p30(v10)
    - neighboring facets: f233 f185 f336
- f185
    - flags: top simplicial
    - normal:   -0.4083  0.05004  -0.9115
    - offset: -0.4004519
    - vertices: p260(v43) p32(v38) p30(v10)
    - neighboring facets: f244 f184 f261
- f190
    - flags: bottom simplicial
    - normal:   -0.7744  0.05753   0.6301
    - offset: -0.4282476
    - vertices: p158(v44) p255(v28) p24(v11)
    - neighboring facets: f114 f374 f321
- f194
    - flags: top simplicial
    - normal:    0.1308  -0.9914 -0.005098
    - offset: -0.2412081
    - vertices: p228(v45) p782(v16) p238(v15)
    - neighboring facets: f121 f264 f319
- f211
    - flags: top simplicial
    - normal:    0.1405   0.1486  -0.9789
    - offset: -0.3851252
    - vertices: p335(v48) p74(v37) p75(v3)
    - neighboring facets: f158 f347 f215
- f214
    - flags: bottom simplicial
    - normal:    0.1057   0.4082  -0.9068
    - offset: -0.3813891
    - vertices: p335(v48) p673(v22) p333(v7)
    - neighboring facets: f85 f296 f215
- f215
    - flags: bottom simplicial
    - normal:    0.1126   0.3193  -0.9409
    - offset: -0.3813938
    - vertices: p335(v48) p74(v37) p673(v22)
    - neighboring facets: f159 f214 f211
- f216
    - flags: bottom simplicial
    - normal:  -0.005578   -0.206  -0.9785
    - offset: -0.4252441
    - vertices: p786(v49) p238(v15) p75(v3)
    - neighboring facets: f262 f350 f339
- f221
    - flags: top simplicial
    - normal:    0.1237   0.1517   0.9807
    - offset: -0.3862727
    - vertices: p222(v50) p358(v33) p13(v5)
    - neighboring facets: f302 f300 f298
- f227
    - flags: bottom simplicial
    - normal:   0.08028   0.8009   0.5934
    - offset: -0.4051808
    - vertices: p304(v52) p929(v21) p359(v8)
    - neighboring facets: f249 f306 f229
- f229
    - flags: top simplicial
    - normal:     0.468   0.8723   0.1413
    - offset: -0.7824149
    - vertices: p304(v52) p929(v21) p285(v1)
    - neighboring facets: f81 f357 f227
- f233
    - flags: top simplicial
    - normal:   -0.8148  0.04513   -0.578
    - offset: -0.4374754
    - vertices: p21(v53) p163(v27) p30(v10)
    - neighboring facets: f184 f234 f312
- f234
    - flags: bottom simplicial
    - normal:   -0.8017   0.2449  -0.5452
    - offset: -0.4155089
    - vertices: p21(v53) p61(v35) p30(v10)
    - neighboring facets: f245 f233 f236
- f236
    - flags: top simplicial
    - normal:   -0.8992   0.3696  -0.2341
    - offset: -0.4143683
    - vertices: p21(v53) p61(v35) p42(v20)
    - neighboring facets: f143 f238 f234
- f237
    - flags: top simplicial
    - normal:   -0.9943    0.104 -0.02537
    - offset: -0.4480931
    - vertices: p21(v53) p24(v11) p23(v0)
    - neighboring facets: f268 f311 f238
- f238
    - flags: top simplicial
    - normal:   -0.9544   0.2973 -0.02755
    - offset: -0.4186052
    - vertices: p21(v53) p42(v20) p24(v11)
    - neighboring facets: f104 f237 f236
- f239
    - flags: top simplicial
    - normal:  -0.02958   0.8836  -0.4674
    - offset: -0.3246198
    - vertices: p180(v54) p343(v13) p55(v6)
    - neighboring facets: f38 f240 f241
- f240
    - flags: bottom simplicial
    - normal:    -0.327   0.7292  -0.6011
    - offset: -0.3524414
    - vertices: p180(v54) p661(v39) p55(v6)
    - neighboring facets: f247 f239 f241
- f241
    - flags: top simplicial
    - normal:  -0.02561   0.8592   -0.511
    - offset: -0.3272103
    - vertices: p180(v54) p661(v39) p343(v13)
    - neighboring facets: f164 f239 f240
- f242
    - flags: top simplicial
    - normal:   -0.1214   0.2877    -0.95
    - offset: -0.3757038
    - vertices: p71(v55) p32(v38) p673(v22)
    - neighboring facets: f159 f243 f244
- f243
    - flags: bottom simplicial
    - normal:   -0.1473   0.4861  -0.8614
    - offset: -0.3711116
    - vertices: p71(v55) p661(v39) p673(v22)
    - neighboring facets: f164 f242 f247
- f244
    - flags: bottom simplicial
    - normal:    -0.403  0.09792  -0.9099
    - offset: -0.3963212
    - vertices: p71(v55) p32(v38) p30(v10)
    - neighboring facets: f185 f245 f242
- f245
    - flags: top simplicial
    - normal:   -0.6174   0.3776  -0.6901
    - offset: -0.3916244
    - vertices: p71(v55) p61(v35) p30(v10)
    - neighboring facets: f234 f244 f246
- f246
    - flags: bottom simplicial
    - normal:   -0.4673   0.6573  -0.5913
    - offset: -0.3582904
    - vertices: p71(v55) p61(v35) p55(v6)
    - neighboring facets: f143 f247 f245
- f247
    - flags: top simplicial
    - normal:    -0.381   0.6907  -0.6146
    - offset: -0.3531763
    - vertices: p71(v55) p661(v39) p55(v6)
    - neighboring facets: f240 f246 f243
- f248
    - flags: bottom simplicial
    - normal:  -0.02731   0.8971   0.4409
    - offset: -0.3227189
    - vertices: p168(v56) p178(v41) p359(v8)
    - neighboring facets: f176 f249 f256
- f249
    - flags: top simplicial
    - normal:  -0.02654   0.9081    0.418
    - offset: -0.3215165
    - vertices: p168(v56) p929(v21) p359(v8)
    - neighboring facets: f227 f248 f251
- f251
    - flags: bottom simplicial
    - normal:  -0.03268   0.9328   0.3588
    - offset: -0.3192726
    - vertices: p168(v56) p929(v21) p342(v2)
    - neighboring facets: f78 f252 f249
- f252
    - flags: top simplicial
    - normal:  -0.03726   0.9397   0.3401
    - offset: -0.3188612
    - vertices: p168(v56) p165(v36) p342(v2)
    - neighboring facets: f152 f251 f254
- f253
    - flags: top simplicial
    - normal:   -0.6863   0.6674    0.289
    - offset: -0.3790088
    - vertices: p168(v56) p34(v26) p42(v20)
    - neighboring facets: f104 f254 f255
- f254
    - flags: bottom simplicial
    - normal:   -0.6114   0.7708    0.179
    - offset: -0.3713234
    - vertices: p168(v56) p165(v36) p42(v20)
    - neighboring facets: f149 f253 f252
- f255
    - flags: bottom simplicial
    - normal:   -0.5377   0.5147   0.6678
    - offset: -0.3710474
    - vertices: p28(v57) p168(v56) p34(v26)
    - neighboring facets: f253 f257 f256
- f256
    - flags: top simplicial
    - normal:    -0.321   0.5946   0.7372
    - offset: -0.3570621
    - vertices: p28(v57) p168(v56) p178(v41)
    - neighboring facets: f248 f258 f255
- f257
    - flags: top simplicial
    - normal:   -0.6687   0.2012   0.7158
    - offset: -0.3963197
    - vertices: p28(v57) p255(v28) p34(v26)
    - neighboring facets: f114 f255 f364
- f258
    - flags: top simplicial
    - normal:   -0.2022   0.5524   0.8087
    - offset: -0.3563672
    - vertices: p28(v57) p178(v41) p249(v25)
    - neighboring facets: f176 f260 f256
- f260
    - flags: top simplicial
    - normal:   -0.1036   0.2914    0.951
    - offset: -0.3723641
    - vertices: p28(v57) p249(v25) p13(v5)
    - neighboring facets: f299 f363 f258
- f261
    - flags: bottom simplicial
    - normal:   -0.3225 -0.05677  -0.9449
    - offset: -0.4132085
    - vertices: p229(v58) p260(v43) p32(v38)
    - neighboring facets: f185 f263 f333
- f262
    - flags: top simplicial
    - normal:  -0.02384  -0.1972  -0.9801
    - offset: -0.4244537
    - vertices: p229(v58) p238(v15) p75(v3)
    - neighboring facets: f216 f263 f264
- f263
    - flags: bottom simplicial
    - normal:   -0.1061  -0.1013  -0.9892
    - offset:  -0.414955
    - vertices: p229(v58) p32(v38) p75(v3)
    - neighboring facets: f158 f262 f261
- f264
    - flags: top simplicial
    - normal:  -0.09974  -0.7904  -0.6044
    - offset:  -0.430698
    - vertices: p229(v58) p228(v45) p238(v15)
    - neighboring facets: f194 f262 f332
- f268
    - flags: bottom simplicial
    - normal:   -0.9977  0.03947  0.05476
    - offset: -0.4629271
    - vertices: p152(v59) p24(v11) p23(v0)
    - neighboring facets: f237 f315 f375
- f280
    - flags: bottom simplicial
    - normal:    0.2279   -0.956  -0.1849
    - offset: -0.2969513
    - vertices: p922(v62) p924(v30) p238(v15)
    - neighboring facets: f121 f281 f282
- f281
    - flags: top simplicial
    - normal:    0.2676  -0.9028  -0.3368
    - offset: -0.3401482
    - vertices: p922(v62) p913(v47) p238(v15)
    - neighboring facets: f341 f280 f282
- f282
    - flags: bottom simplicial
    - normal:    0.2543  -0.9506  -0.1778
    - offset: -0.3149115
    - vertices: p922(v62) p913(v47) p924(v30)
    - neighboring facets: f289 f280 f281
- f283
    - flags: bottom simplicial
    - normal:     0.528  -0.3675  -0.7656
    - offset: -0.6690543
    - vertices: p1099(v63) p334(v32) p287(v17)
    - neighboring facets: f170 f284 f285
- f284
    - flags: top simplicial
    - normal:    0.4602  -0.6653  -0.5879
    - offset: -0.5579197
    - vertices: p1099(v63) p913(v47) p287(v17)
    - neighboring facets: f343 f283 f342
- f285
    - flags: bottom simplicial
    - normal:    0.2967  -0.4556  -0.8393
    - offset: -0.4336383
    - vertices: p1099(v63) p786(v49) p334(v32)
    - neighboring facets: f351 f283 f340
- f288
    - flags: top simplicial
    - normal:     0.281  -0.9311   0.2326
    - offset: -0.3361046
    - vertices: p1090(v64) p924(v30) p914(v9)
    - neighboring facets: f120 f290 f289
- f289
    - flags: top simplicial
    - normal:    0.2881  -0.9562 -0.05209
    - offset: -0.3411495
    - vertices: p1090(v64) p913(v47) p924(v30)
    - neighboring facets: f282 f288 f345
- f290
    - flags: bottom simplicial
    - normal:    0.4933  -0.8411   0.2217
    - offset:  -0.559643
    - vertices: p1090(v64) p290(v31) p914(v9)
    - neighboring facets: f127 f288 f291
- f291
    - flags: top simplicial
    - normal:    0.6044  -0.7956 -0.04196
    - offset: -0.6735773
    - vertices: p1090(v64) p290(v31) p287(v17)
    - neighboring facets: f124 f344 f290
- f295
    - flags: top simplicial
    - normal:    0.3301   0.3598  -0.8727
    - offset: -0.5907787
    - vertices: p535(v65) p311(v40) p333(v7)
    - neighboring facets: f171 f296 f349
- f296
    - flags: bottom simplicial
    - normal:    0.1373   0.3403  -0.9302
    - offset:  -0.400515
    - vertices: p535(v65) p335(v48) p333(v7)
    - neighboring facets: f214 f295 f346
- f297
    - flags: bottom simplicial
    - normal:   0.09616    0.362   0.9272
    - offset:  -0.377181
    - vertices: p847(v66) p358(v33) p249(v25)
    - neighboring facets: f133 f299 f298
- f298
    - flags: bottom simplicial
    - normal:    0.1063   0.2533   0.9615
    - offset: -0.3803292
    - vertices: p847(v66) p222(v50) p358(v33)
    - neighboring facets: f221 f297 f300
- f299
    - flags: bottom simplicial
    - normal:  -0.01043   0.2727    0.962
    - offset: -0.3753284
    - vertices: p847(v66) p249(v25) p13(v5)
    - neighboring facets: f260 f300 f297
- f300
    - flags: top simplicial
    - normal:   0.07375   0.2262   0.9713
    - offset: -0.3794569
    - vertices: p847(v66) p222(v50) p13(v5)
    - neighboring facets: f221 f299 f298
- f301
    - flags: bottom simplicial
    - normal:    0.2836  -0.2997   0.9109
    - offset: -0.4401299
    - vertices: p12(v67) p610(v34) p358(v33)
    - neighboring facets: f354 f302 f303
- f302
    - flags: bottom simplicial
    - normal:    0.1413  0.07774   0.9869
    - offset: -0.3927106
    - vertices: p12(v67) p358(v33) p13(v5)
    - neighboring facets: f221 f304 f301
- f303
    - flags: top simplicial
    - normal:    0.3041  -0.5358   0.7877
    - offset: -0.4354365
    - vertices: p12(v67) p610(v34) p782(v16)
    - neighboring facets: f139 f304 f301
- f304
    - flags: top simplicial
    - normal:  -0.04664 -0.04454   0.9979
    - offset: -0.4097929
    - vertices: p12(v67) p782(v16) p13(v5)
    - neighboring facets: f362 f302 f303
- f305
    - flags: top simplicial
    - normal:    0.1561   0.4734   0.8669
    - offset: -0.4257554
    - vertices: p1113(v68) p358(v33) p359(v8)
    - neighboring facets: f133 f306 f352
- f306
    - flags: bottom simplicial
    - normal:    0.1562   0.5323    0.832
    - offset: -0.4349263
    - vertices: p1113(v68) p304(v52) p359(v8)
    - neighboring facets: f227 f305 f358
- f311
    - flags: top simplicial
    - normal:   -0.9938  0.03712  -0.1046
    - offset: -0.4615699
    - vertices: p160(v69) p21(v53) p23(v0)
    - neighboring facets: f237 f315 f312
- f312
    - flags: bottom simplicial
    - normal:   -0.8995 -0.06147  -0.4326
    - offset: -0.4646412
    - vertices: p160(v69) p21(v53) p163(v27)
    - neighboring facets: f233 f313 f311
- f313
    - flags: top simplicial
    - normal:   -0.4224  -0.8687  -0.2589
    - offset: -0.3981089
    - vertices: p160(v69) p147(v46) p163(v27)
    - neighboring facets: f330 f312 f314
- f314
    - flags: bottom simplicial
    - normal:   -0.3842  -0.9167  -0.1096
    - offset: -0.3785078
    - vertices: p160(v69) p147(v46) p126(v29)
    - neighboring facets: f338 f316 f313
- f315
    - flags: bottom simplicial
    - normal:   -0.6311  -0.7754 -0.02377
    - offset: -0.4566024
    - vertices: p160(v69) p152(v59) p23(v0)
    - neighboring facets: f268 f311 f316
- f316
    - flags: top simplicial
    - normal:   -0.5568  -0.8304 -0.02153
    - offset: -0.4334553
    - vertices: p160(v69) p152(v59) p126(v29)
    - neighboring facets: f369 f314 f315
- f319
    - flags: bottom simplicial
    - normal:   0.03335  -0.9994 -4.008e-07
    - offset: -0.2491001
    - vertices: p269(v70) p228(v45) p782(v16)
    - neighboring facets: f194 f359 f368
- f321
    - flags: top simplicial
    - normal:   -0.5128  -0.6851   0.5174
    - offset: -0.4481523
    - vertices: p256(v71) p158(v44) p255(v28)
    - neighboring facets: f190 f322 f323
- f322
    - flags: bottom simplicial
    - normal:   -0.5071  -0.6879   0.5193
    - offset: -0.4475038
    - vertices: p256(v71) p264(v60) p255(v28)
    - neighboring facets: f361 f321 f323
- f323
    - flags: top simplicial
    - normal:   -0.4792  -0.7472   0.4605
    - offset: -0.4355208
    - vertices: p256(v71) p264(v60) p158(v44)
    - neighboring facets: f371 f321 f322
- f330
    - flags: bottom simplicial
    - normal:   -0.3812  -0.8873  -0.2595
    - offset: -0.3852063
    - vertices: p713(v73) p147(v46) p163(v27)
    - neighboring facets: f313 f335 f334
- f332
    - flags: bottom simplicial
    - normal:   -0.1855  -0.8809  -0.4355
    - offset: -0.3978042
    - vertices: p258(v74) p229(v58) p228(v45)
    - neighboring facets: f264 f337 f333
- f333
    - flags: top simplicial
    - normal:   -0.3543  -0.4391  -0.8257
    - offset: -0.4621921
    - vertices: p258(v74) p229(v58) p260(v43)
    - neighboring facets: f261 f336 f332
- f334
    - flags: top simplicial
    - normal:    -0.356  -0.9006  -0.2494
    - offset: -0.3767035
    - vertices: p258(v74) p713(v73) p147(v46)
    - neighboring facets: f330 f338 f335
- f335
    - flags: bottom simplicial
    - normal:    -0.383  -0.8793   -0.283
    - offset: -0.3889711
    - vertices: p258(v74) p713(v73) p163(v27)
    - neighboring facets: f330 f336 f334
- f336
    - flags: top simplicial
    - normal:   -0.5309  -0.6544  -0.5385
    - offset: -0.4545972
    - vertices: p258(v74) p260(v43) p163(v27)
    - neighboring facets: f184 f335 f333
- f337
    - flags: bottom simplicial
    - normal:   -0.1124  -0.9923 -0.05158
    - offset: -0.2779915
    - vertices: p258(v74) p228(v45) p126(v29)
    - neighboring facets: f367 f338 f332
- f338
    - flags: top simplicial
    - normal:   -0.1445  -0.9869 -0.07199
    - offset: -0.2906533
    - vertices: p258(v74) p147(v46) p126(v29)
    - neighboring facets: f314 f337 f334
- f339
    - flags: top simplicial
    - normal:    0.2482   -0.551  -0.7968
    - offset: -0.4299372
    - vertices: p208(v75) p786(v49) p238(v15)
    - neighboring facets: f216 f341 f340
- f340
    - flags: top simplicial
    - normal:    0.3035  -0.5948  -0.7444
    - offset: -0.4204329
    - vertices: p208(v75) p1099(v63) p786(v49)
    - neighboring facets: f285 f339 f342
- f341
    - flags: bottom simplicial
    - normal:    0.3066  -0.7463  -0.5908
    - offset: -0.3969159
    - vertices: p208(v75) p913(v47) p238(v15)
    - neighboring facets: f281 f339 f342
- f342
    - flags: bottom simplicial
    - normal:    0.3097   -0.724  -0.6164
    - offset: -0.4015177
    - vertices: p208(v75) p1099(v63) p913(v47)
    - neighboring facets: f284 f341 f340
- f343
    - flags: bottom simplicial
    - normal:    0.5984  -0.7994 -0.05308
    - offset: -0.6672311
    - vertices: p887(v76) p913(v47) p287(v17)
    - neighboring facets: f284 f344 f345
- f344
    - flags: top simplicial
    - normal:    0.5995  -0.7988 -0.05029
    - offset:  -0.668361
    - vertices: p887(v76) p1090(v64) p287(v17)
    - neighboring facets: f291 f343 f345
- f345
    - flags: bottom simplicial
    - normal:    0.5597  -0.8271 -0.05246
    - offset: -0.6267378
    - vertices: p887(v76) p1090(v64) p913(v47)
    - neighboring facets: f289 f343 f344
- f346
    - flags: top simplicial
    - normal:    0.2002  0.09846  -0.9748
    - offset: -0.4210775
    - vertices: p534(v77) p535(v65) p335(v48)
    - neighboring facets: f296 f347 f349
- f347
    - flags: top simplicial
    - normal:    0.1912  0.01734  -0.9814
    - offset: -0.4030793
    - vertices: p534(v77) p335(v48) p75(v3)
    - neighboring facets: f211 f350 f346
- f348
    - flags: bottom simplicial
    - normal:    0.3679 -0.07661  -0.9267
    - offset: -0.5643462
    - vertices: p534(v77) p311(v40) p334(v32)
    - neighboring facets: f170 f351 f349
- f349
    - flags: bottom simplicial
    - normal:    0.2731     0.11  -0.9557
    - offset: -0.4944621
    - vertices: p534(v77) p535(v65) p311(v40)
    - neighboring facets: f295 f348 f346
- f350
    - flags: bottom simplicial
    - normal:    0.1985 -0.01464    -0.98
    - offset:  -0.406525
    - vertices: p534(v77) p786(v49) p75(v3)
    - neighboring facets: f216 f347 f351
- f351
    - flags: top simplicial
    - normal:    0.2221 -0.09886    -0.97
    - offset: -0.4187587
    - vertices: p534(v77) p786(v49) p334(v32)
    - neighboring facets: f285 f348 f350
- f352
    - flags: bottom simplicial
    - normal:    0.2068   0.4118   0.8875
    - offset: -0.4651514
    - vertices: p877(v78) p1113(v68) p358(v33)
    - neighboring facets: f305 f354 f358
- f353
    - flags: bottom simplicial
    - normal:    0.3139  -0.3242   0.8924
    - offset: -0.4585383
    - vertices: p877(v78) p610(v34) p547(v18)
    - neighboring facets: f140 f355 f354
- f354
    - flags: top simplicial
    - normal:    0.3085  -0.3133   0.8981
    - offset: -0.4555702
    - vertices: p877(v78) p610(v34) p358(v33)
    - neighboring facets: f301 f352 f353
- f355
    - flags: top simplicial
    - normal:    0.4815  -0.3815   0.7891
    - offset: -0.6132653
    - vertices: p877(v78) p290(v31) p547(v18)
    - neighboring facets: f127 f353 f356
- f356
    - flags: bottom simplicial
    - normal:    0.7924  0.02505   0.6094
    - offset: -0.9897882
    - vertices: p877(v78) p290(v31) p285(v1)
    - neighboring facets: f124 f357 f355
- f357
    - flags: top simplicial
    - normal:    0.6122   0.4453   0.6534
    - offset: -0.8716365
    - vertices: p877(v78) p304(v52) p285(v1)
    - neighboring facets: f229 f356 f358
- f358
    - flags: top simplicial
    - normal:    0.2585   0.4526   0.8534
    - offset: -0.5224398
    - vertices: p877(v78) p1113(v68) p304(v52)
    - neighboring facets: f306 f357 f352
- f359
    - flags: bottom simplicial
    - normal:   -0.1171  -0.9691   0.2173
    - offset: -0.3338261
    - vertices: p263(v79) p269(v70) p782(v16)
    - neighboring facets: f319 f362 f360
- f360
    - flags: top simplicial
    - normal:   -0.1446  -0.9824   0.1182
    - offset: -0.3027063
    - vertices: p263(v79) p269(v70) p264(v60)
    - neighboring facets: f365 f361 f359
- f361
    - flags: top simplicial
    - normal:   -0.4764  -0.5653   0.6734
    - offset: -0.4642807
    - vertices: p263(v79) p264(v60) p255(v28)
    - neighboring facets: f322 f364 f360
- f362
    - flags: bottom simplicial
    - normal:   -0.1134 -0.04042   0.9927
    - offset: -0.4093348
    - vertices: p263(v79) p782(v16) p13(v5)
    - neighboring facets: f304 f363 f359
- f363
    - flags: top simplicial
    - normal:   -0.2653  0.05924   0.9623
    - offset: -0.3953763
    - vertices: p263(v79) p28(v57) p13(v5)
    - neighboring facets: f260 f362 f364
- f364
    - flags: bottom simplicial
    - normal:   -0.3768  0.03448   0.9257
    - offset: -0.4031315
    - vertices: p263(v79) p28(v57) p255(v28)
    - neighboring facets: f257 f361 f363
- f365
    - flags: bottom simplicial
    - normal:   -0.1374  -0.9869  0.08422
    - offset: -0.2907014
    - vertices: p145(v80) p269(v70) p264(v60)
    - neighboring facets: f360 f366 f368
- f366
    - flags: top simplicial
    - normal:   -0.2283  -0.9624   0.1473
    - offset: -0.3259263
    - vertices: p145(v80) p151(v72) p264(v60)
    - neighboring facets: f376 f365 f370
- f367
    - flags: top simplicial
    - normal:  -0.09532  -0.9948 -0.03507
    - offset: -0.2711524
    - vertices: p145(v80) p228(v45) p126(v29)
    - neighboring facets: f337 f369 f368
- f368
    - flags: top simplicial
    - normal:  -0.05593  -0.9984 -4.048e-07
    - offset: -0.2559498
    - vertices: p145(v80) p269(v70) p228(v45)
    - neighboring facets: f319 f367 f365
- f369
    - flags: bottom simplicial
    - normal:   -0.5095  -0.8603  0.01288
    - offset: -0.4198828
    - vertices: p145(v80) p152(v59) p126(v29)
    - neighboring facets: f316 f367 f370
- f370
    - flags: bottom simplicial
    - normal:   -0.3667  -0.9128     0.18
    - offset: -0.3749761
    - vertices: p145(v80) p151(v72) p152(v59)
    - neighboring facets: f373 f369 f366
- f371
    - flags: bottom simplicial
    - normal:   -0.4637  -0.7733   0.4324
    - offset: -0.4288037
    - vertices: p20(v81) p264(v60) p158(v44)
    - neighboring facets: f323 f374 f377
- f373
    - flags: top simplicial
    - normal:   -0.4133  -0.8799   0.2345
    - offset: -0.3935148
    - vertices: p20(v81) p151(v72) p152(v59)
    - neighboring facets: f370 f375 f378
- f374
    - flags: bottom simplicial
    - normal:   -0.8141  0.01381   0.5806
    - offset: -0.4430193
    - vertices: p20(v81) p158(v44) p24(v11)
    - neighboring facets: f190 f375 f371
- f375
    - flags: top simplicial
    - normal:   -0.9114  -0.0875   0.4021
    - offset: -0.4720576
    - vertices: p20(v81) p152(v59) p24(v11)
    - neighboring facets: f268 f374 f373
- f376
    - flags: bottom simplicial
    - normal:   -0.3401  -0.9062   0.2512
    - offset: -0.3720177
    - vertices: p718(v82) p151(v72) p264(v60)
    - neighboring facets: f366 f377 f378
- f377
    - flags: top simplicial
    - normal:   -0.3519  -0.8984   0.2629
    - offset: -0.3766715
    - vertices: p718(v82) p20(v81) p264(v60)
    - neighboring facets: f371 f376 f378
- f378
    - flags: bottom simplicial
    - normal:   -0.3564  -0.8979   0.2585
    - offset: -0.3776671
    - vertices: p718(v82) p20(v81) p151(v72)
    - neighboring facets: f373 f376 f377
