3
853 118 177
0.344748109579 0.0741894468665 -0.23662750423 
0.344301909208 -0.0761245265603 -0.236636683345 
0.344328671694 -0.0671057030559 -0.0966360419989 
-0.212206795812 0.125618994236 -0.3430300951 
-0.339526385069 0.125985890627 -0.159750089049 
-0.282106995583 -0.112105503678 -0.169189199805 
0.412232816219 0.165478155017 -0.198684990406 
0.171619296074 0.166493296623 -0.310226082802 
0.170639798045 -0.165997594595 -0.305775791407 
-0.315250307322 -0.09087623655800001 0.116786152124 
-0.314645498991 0.12087302655 0.103058964014 
-0.37538382411 -0.128823965788 0.104734010994 
-0.314645498991 0.12087302655 0.103058964014 
-0.375409156084 0.09596189111469999 -0.120575331151 
-0.37462541461 0.113037183881 0.09650383144620001 
-0.376134395599 -0.0831772387028 -0.118282794952 
-0.375838816166 0.0829375311732 -0.112002618611 
-0.314410597086 0.08330410718920001 -0.113386914134 
-0.375060617924 -0.039415512234 0.138688325882 
-0.374928385019 0.0349732190371 0.08664213120939999 
-0.375158846378 -0.0399515889585 0.08187236636880001 
-0.3747625947 0.0670122504234 0.128212958574 
-0.374701708555 0.134861573577 0.0455495454371 
-0.37488296628 0.0882280990481 0.020477771759 
-0.374446809292 0.061863552779 -0.124628506601 
-0.375571638346 -0.0746179074049 -0.0701662302017 
-0.375152498484 0.07693677395579999 -0.0701563358307 
-0.374446809292 0.061863552779 -0.124628506601 
-0.374971330166 -0.0703185647726 -0.1169706285 
-0.375571638346 -0.0746179074049 -0.0701662302017 
-0.375636786222 -0.126544639468 -0.04792381078 
-0.375400066376 -0.0859215706587 0.0204671192914 
-0.375571638346 -0.0746179074049 -0.0701662302017 
-0.375463932753 -0.129713758826 0.0591783896089 
-0.375400066376 -0.0859215706587 0.0204671192914 
-0.375270366669 -0.0732777044177 0.07449485361579999 
-0.374847710133 0.08615919202569999 0.0447723567486 
-0.384836137295 0.08327192068100001 0.0566536895931 
-0.38052046299 -0.07460428029299999 -0.07015807181600001 
-0.375270366669 -0.0732777044177 0.07449485361579999 
-0.385308027267 -0.0790681317449 0.0625097677112 
-0.385127663612 -0.0338467210531 0.0895541533828 
-0.385059148073 0.00117985345423 0.0686366334558 
-0.385285109282 -0.0558633506298 0.0354856289923 
-0.384942948818 0.06555475294590001 0.0245284643024 
-0.385059148073 0.00117985345423 0.0686366334558 
-0.384875893593 0.06367931514980001 0.06750068813560001 
-0.384915560484 0.0869561061263 0.00348351476714 
-0.385070413351 0.076967343688 -0.07014036923649999 
-0.385196268559 0.0264057815075 -0.0558835715055 
-0.385520368814 -0.0745895728469 -0.07014951854940001 
-0.385385841131 -0.0488142855465 -0.0360398665071 
-0.385412961245 -0.0855093821883 0.0121476789936 
-0.394190847874 0.067858658731 -0.192554891109 
-0.394424080849 0.0763902887702 -0.344428539276 
-0.394589751959 0.0206159632653 -0.344431787729 
-0.394704252481 -0.0179902948439 -0.344434171915 
-0.394870370626 -0.0739236921072 -0.344437539577 
-0.394586712122 -0.06541200727220001 -0.192562952638 
-0.394252091646 -0.053646158427 -0.0738696008921 
-0.316135585308 -0.0891117677093 -0.344320416451 
-0.314913749695 -0.06859085708859999 -0.102339722216 
-0.315645396709 0.0761564597487 -0.344562649727 
-0.393894612789 0.0627852752805 -0.07368461787699999 
-0.314956724644 0.0564741753042 -0.0952939838171 
-0.314827829599 0.0536627173424 0.103464238346 
-0.315065085888 -0.0314790718257 0.111844778061 
-0.31511849165 -0.0532381050289 0.135739862919 
-0.314773589373 0.103135108948 0.0472020693123 
-0.314827829599 0.0536627173424 0.103464238346 
-0.314773052931 0.06435912847520001 0.129201233387 
-0.314888477325 0.107946448028 -0.0275630187243 
-0.314773589373 0.103135108948 0.0472020693123 
-0.314700931311 0.127846226096 0.0602877028286 
-0.314481437206 0.0581116862595 -0.0926828756928 
-0.314888477325 0.107946448028 -0.0275630187243 
-0.314846456051 0.134689062834 -0.03567378968 
-0.314986467361 -0.0694696828723 -0.117359884083 
-0.315643310547 -0.125893861055 -0.0505311563611 
-0.315523684025 -0.101182974875 -0.0374450683594 
-0.315502166748 -0.132736355066 0.0454312115908 
-0.315395176411 -0.10371812433 0.0482370369136 
-0.315523684025 -0.101182974875 -0.0374450683594 
-0.390194952488 -0.0414794906974 0.0570028200746 
-0.389974594116 0.0307879243046 0.0603717416525 
-0.390372693539 -0.0575943849981 -0.0193514246494 
-0.389961123466 0.06709711253639999 0.0050100190565 
-0.390251040459 0.00779649009928 -0.0619386546314 
0.419692099094 -0.00735503202304 -0.058846578002 
0.41977840662 -0.0438836105168 0.0556250959635 
0.419595479965 -0.0582489855587 -0.026866979897 
0.419873774052 0.0437966324389 -0.0413692854345 
0.420023113489 0.0612097866833 0.0160471145064 
0.419998645782 0.0283835977316 0.0589935854077 
0.34438097477 -0.139906153083 -0.0238870996982 
0.344438940287 -0.107948869467 -0.0286994539201 
0.344687342644 -0.0900205224752 0.0768171325326 
0.34380954504 -0.0581055432558 -0.0938103273511 
0.344438940287 -0.107948869467 -0.0286994539201 
0.34438097477 -0.139906153083 -0.0238870996982 
0.344238162041 0.09082595258950001 -0.101174622774 
0.345186889172 0.134587049484 -0.0232019796968 
0.345038682222 0.101181864738 -0.0385549142957 
0.345186889172 0.134587049484 -0.0232019796968 
0.345313370228 0.122240327299 0.0696304291487 
0.345200002193 0.103705629706 0.0471269600093 
0.345226198435 0.0636587515473 0.12471267581 
0.345071792603 0.0211167708039 0.11489713192 
0.345200002193 0.103705629706 0.0471269600093 
0.345226198435 0.0636587515473 0.12471267581 
0.345031499863 -0.0146883009002 0.14280885458 
0.345071792603 0.0211167708039 0.11489713192 
0.345031499863 -0.0146883009002 0.14280885458 
0.344687342644 -0.0900205224752 0.0768171325326 
0.345071792603 0.0211167708039 0.11489713192 
0.344562590122 0.07419662177560001 -0.345685690641 
0.344604551792 0.0540200024843 -0.09610567241909999 
0.423656880856 0.0619296692312 -0.0750739350915 
0.423331409693 -0.0552929714322 -0.07543899118899999 
0.40519297123 -0.0483459569514 -0.0794834345579 
0.34423109889 -0.065583512187 -0.101128049195 
0.423331409693 -0.0552929714322 -0.07543899118899999 
0.34423109889 -0.065583512187 -0.101128049195 
0.344116479158 -0.07611732184889999 -0.345694839954 
0.422895103693 -0.0763512402773 -0.345828801394 
0.423061221838 -0.0204178187996 -0.345825493336 
0.42707079649 -0.0174780003726 -0.110859140754 
0.413061499596 0.076702915132 -0.0764451548457 
0.423187196255 0.021486453712 -0.344897478819 
0.423574477434 0.06543111801150001 -0.193946152925 
0.414610087872 -0.08811645209790001 0.0275389943272 
0.414611488581 -0.0599840916693 -0.0207206904888 
0.414768248796 -0.0477909557521 0.0502310357988 
0.414474785328 -0.07696434110399999 -0.07151055336000001 
0.414671242237 -0.0194106474519 -0.0564377717674 
0.414924651384 0.0745925828815 -0.0715014189482 
0.414842367172 0.0341681651771 -0.0492757484317 
0.415112495422 0.08588298410179999 0.0191334728152 
0.415041297674 0.0634404569864 0.0164966396987 
0.415080368519 0.0399047844112 0.0805334076285 
0.414983689785 0.0170283131301 0.06371097266670001 
0.414768248796 -0.0477909557521 0.0502310357988 
0.414983689785 0.0170283131301 0.06371097266670001 
0.414894521236 -0.0265067666769 0.087069965899 
0.404581397772 -0.0769339203835 -0.07149188965559999 
0.404610425234 -0.08808682858940001 0.0275560375303 
0.404379308224 -0.136727526784 -0.023320922628 
0.402573525906 -0.0712954327464 -0.12341170758 
0.404969424009 0.07462093234059999 -0.0714842602611 
0.404581397772 -0.0769339203835 -0.07149188965559999 
0.402573525906 -0.0712954327464 -0.12341170758 
0.404216378927 0.07032821327450001 -0.118286661804 
0.404969424009 0.07462093234059999 -0.0714842602611 
0.405116826296 0.126544758677 -0.049235381186 
0.40512624383 0.0857612937689 0.0275667477399 
0.404969424009 0.07462093234059999 -0.0714842602611 
0.405251145363 0.07562515139580001 0.118587337434 
0.40498316288 -0.00116736278869 0.0951793044806 
0.40512624383 0.0857612937689 0.0275667477399 
0.404612153769 -0.118941187859 0.0823410749435 
0.404610425234 -0.08808682858940001 0.0275560375303 
0.343861281872 -0.08531444519759999 -0.1195076406 
0.344156950712 0.08080013841390001 -0.11322761327 
0.405585080385 0.0811666473746 -0.114611394703 
0.34532943368 0.148067086935 0.0384247228503 
0.405168950558 0.0284564495087 0.152603924274 
0.40511187911 0.107369370759 -0.129889011383 
0.34532943368 0.148067086935 0.0384247228503 
0.344941854477 -0.0441318489611 0.145966634154 
0.405168950558 0.0284564495087 0.152603924274 
0.345089286566 0.125545576215 -0.0634000003338 
0.344395339489 -0.0707594826818 -0.126328289509 
-0.31534704566 0.0298023130745 -0.150627464056 
0.344468712807 -0.137315064669 0.0304992329329 
-0.315495848656 -0.13793066144 0.0545862950385 
0.344395339489 -0.0707594826818 -0.126328289509 
0.344468712807 -0.137315064669 0.0304992329329 
0.345223873854 0.0461984686553 0.155900582671 
-0.315495848656 -0.13793066144 0.0545862950385 
0.729565858841 0.09048534184690001 -0.150818556547 
0.714954376221 -0.152340203524 -0.157553896308 
0.84205108881 -0.0868848562241 -0.215101614594 
0.866914629936 0.0554557777941 -0.225951835513 
0.729565858841 0.09048534184690001 -0.150818556547 
0.84205108881 -0.0868848562241 -0.215101614594 
0.570970356464 0.0596808604896 -0.145955041051 
0.714954376221 -0.152340203524 -0.157553896308 
0.729565858841 0.09048534184690001 -0.150818556547 
0.714954376221 -0.152340203524 -0.157553896308 
0.570970356464 0.0596808604896 -0.145955041051 
0.58311009407 -0.09209228307010001 -0.154308959842 
0.975093185902 -0.21464009583 -0.448935359716 
0.826705515385 -0.390596985817 -0.44869479537 
0.834721267223 0.350019901991 -0.448659211397 
0.648641049862 -0.468653053045 -0.448396325111 
0.5929546356199999 0.388532161713 -0.448245316744 
0.501089394093 -0.481626868248 -0.448146164417 
0.165601179004 0.333659052849 -0.447521746159 
0.109189510345 -0.38077750802 -0.447472929955 
-0.114485174417 -0.408012926579 -0.447094023228 
-0.346648275852 0.341192632914 -0.446649849415 
-0.286356389523 -0.524192273617 -0.44680917263 
-0.346648275852 0.341192632914 -0.446649849415 
-0.286356389523 -0.524192273617 -0.44680917263 
-0.416869014502 -0.441584587097 -0.450814366341 
-0.416434705257 0.30158996582 -0.459499567747 
-0.416869014502 -0.441584587097 -0.450814366341 
-0.540462851524 -0.286448508501 -0.41611930728 
-0.289331495762 -0.5242615938189999 -0.446804404259 
-0.283189207315 -0.523797214031 -0.41681471467 
-0.542371809483 -0.314778327942 -0.415630280972 
-0.0186107624322 -0.365732997656 -0.447254598141 
0.00447647087276 -0.365209430456 -0.417293727398 
-0.283189207315 -0.523797214031 -0.41681471467 
-0.353022754192 0.324105322361 -0.446640044451 
-0.386154741049 0.334178924561 -0.416521251202 
0.733041524887 0.394896954298 -0.41848307848 
0.749602496624 0.39292538166 -0.448511451483 
-0.353022754192 0.324105322361 -0.446640044451 
0.733041524887 0.394896954298 -0.41848307848 
0.543176949024 -0.488780617714 -0.448218107224 
0.561796784401 -0.489053398371 -0.418249815702 
0.00447647087276 -0.365209430456 -0.417293727398 
0.937855601311 -0.312407672405 -0.44887816906 
0.933720290661 -0.311691492796 -0.418870806694 
0.561796784401 -0.489053398371 -0.418249815702 
0.749602496624 0.39292538166 -0.448511451483 
0.733041524887 0.394896954298 -0.41848307848 
1.0052549839 0.172130510211 -0.418960779905 
0.937855601311 -0.312407672405 -0.44887816906 
1.00201821327 0.16981883347 -0.448955416679 
1.0052549839 0.172130510211 -0.418960779905 
0.756371438503 0.39692774415 -0.418631881475 
0.0853254646063 0.327115178108 -0.417128205299 
-0.0062086484395 0.297756284475 -0.300163477659 
0.00178390496876 -0.362193822861 -0.417425960302 
0.54809653759 -0.48595136404 -0.418607383966 
0.331114947796 -0.399141103029 -0.142482370138 
0.54809653759 -0.48595136404 -0.418607383966 
0.704065978527 -0.437538594007 -0.245531603694 
0.331114947796 -0.399141103029 -0.142482370138 
0.8656038641929999 -0.37030518055 -0.418937295675 
0.853900611401 -0.334355294704 -0.249283209443 
0.704065978527 -0.437538594007 -0.245531603694 
0.999128997326 0.0672058090568 -0.32332855463 
0.900365591049 0.253599017859 -0.173234879971 
1.03321504593 -0.145366206765 -0.286276310682 
0.331114947796 -0.399141103029 -0.142482370138 
-0.008310680277649999 -0.338520258665 -0.269294202328 
0.00178390496876 -0.362193822861 -0.417425960302 
0.00178390496876 -0.362193822861 -0.417425960302 
-0.008310680277649999 -0.338520258665 -0.269294202328 
-0.297833293676 -0.450423419476 -0.224670946598 
-0.595003664494 0.00417326902971 -0.322677463293 
-0.540462851524 -0.286448508501 -0.41611930728 
-0.577004551888 -0.0924822315574 -0.313696593046 
-0.534802854061 -0.295566469431 -0.419063031673 
-0.292959243059 -0.525628268719 -0.416810154915 
-0.297833293676 -0.450423419476 -0.224670946598 
0.756433546543 0.366311490536 -0.281383275986 
0.756371438503 0.39692774415 -0.418631881475 
0.503922402859 0.332643091679 -0.13081549108 
0.900365591049 0.253599017859 -0.173234879971 
0.999128997326 0.0672058090568 -0.32332855463 
0.896925926208 0.299219042063 -0.20960906148 
0.756433546543 0.366311490536 -0.281383275986 
0.503922402859 0.332643091679 -0.13081549108 
0.900365591049 0.253599017859 -0.173234879971 
-0.388770282269 0.341450035572 -0.417733609676 
-0.405341058969 0.295915722847 -0.270099103451 
-0.0062086484395 0.297756284475 -0.300163477659 
-0.6072517037389999 0.00489257788286 -0.310702353716 
-0.594170153141 -0.0973540470004 -0.309251278639 
-0.470806658268 -0.144168123603 -0.145747587085 
-0.405341058969 0.295915722847 -0.270099103451 
-0.6072517037389999 0.00489257788286 -0.310702353716 
-0.414278656244 0.142544165254 -0.146595060825 
0.954211235046 -0.22216796875 -0.238749995828 
0.857431471348 -0.343543350697 -0.255818933249 
0.85986739397 -0.322405964136 -0.258989095688 
0.857431471348 -0.343543350697 -0.255818933249 
0.859979331493 -0.362907201052 -0.418618053198 
0.86303037405 -0.341161459684 -0.414608031511 
0.872779607773 -0.349606782198 -0.414712935686 
0.918366611004 -0.275176376104 -0.219109535217 
0.862533390522 -0.323036044836 -0.256439805031 
0.999278843403 0.198556348681 -0.414928764105 
0.762925922871 0.358846127987 -0.414516121149 
0.767941713333 0.365578085184 -0.282230377197 
0.872779607773 -0.349606782198 -0.414712935686 
1.00345683098 -0.0877213999629 -0.309101551771 
0.918366611004 -0.275176376104 -0.219109535217 
0.999278843403 0.198556348681 -0.414928764105 
0.907573223114 0.288289487362 -0.2163272053 
1.01036572456 0.0718419626355 -0.319298446178 
0.606479942799 0.121693082154 -0.176615208387 
0.503922402859 0.332643091679 -0.13081549108 
0.558048248291 -0.0304655060172 -0.118364557624 
0.41359436512 0.165100321174 -0.175876915455 
0.413713812828 -0.163450062275 -0.196662187576 
0.627196133137 -0.134423106909 -0.141824573278 
-0.0062086484395 0.297756284475 -0.300163477659 
0.168910264969 0.156405821443 -0.286483347416 
0.41359436512 0.165100321174 -0.175876915455 
0.413713812828 -0.163450062275 -0.196662187576 
0.172472640872 -0.154991820455 -0.303981006145 
-0.008310680277649999 -0.338520258665 -0.269294202328 
0.7247241735460001 -0.174473717809 -0.157400220633 
0.750922977924 -0.158522978425 -0.183017998934 
0.545948028564 -0.0442419052124 -0.145375341177 
0.7247241735460001 -0.174473717809 -0.157400220633 
0.875426590443 -0.0320682525635 -0.231912091374 
0.750922977924 -0.158522978425 -0.183017998934 
0.864383280277 0.0705526694655 -0.223954990506 
0.875426590443 -0.0320682525635 -0.231912091374 
0.87741959095 0.0125112049282 -0.215325653553 
0.545948028564 -0.0442419052124 -0.145375341177 
0.705083727837 0.164992779493 -0.173652872443 
0.687467992306 0.159161761403 -0.15068474412 
0.87741959095 0.0125112049282 -0.215325653553 
0.687467992306 0.159161761403 -0.15068474412 
0.705083727837 0.164992779493 -0.173652872443 
-0.471810281277 -0.133227214217 0.107582658529 
-0.460867971182 0.143737092614 0.107262484729 
-0.414278656244 0.142544165254 -0.146595060825 
-0.493965357542 -0.282895773649 -0.248394429684 
-0.470806658268 -0.144168123603 -0.145747587085 
-0.594170153141 -0.0973540470004 -0.309251278639 
-0.470806658268 -0.144168123603 -0.145747587085 
-0.41411074996 -0.138558715582 -0.148044392467 
-0.413688927889 -0.127730503678 0.199325695634 
-0.470806658268 -0.144168123603 -0.145747587085 
-0.471141666174 -0.135357737541 0.0998101755977 
-0.471810281277 -0.133227214217 0.107582658529 
-0.008310680277649999 -0.338520258665 -0.269294202328 
-0.16800570488 -0.113499253988 -0.270569592714 
-0.493965357542 -0.282895773649 -0.248394429684 
-0.0062086484395 0.297756284475 -0.300163477659 
0.0877626910806 0.152477696538 -0.326840281487 
0.168910264969 0.156405821443 -0.286483347416 
0.172472640872 -0.154991820455 -0.303981006145 
0.062267575413 -0.151126652956 -0.315308243036 
-0.008310680277649999 -0.338520258665 -0.269294202328 
-0.471141666174 -0.135357737541 0.0998101755977 
-0.413688927889 -0.127730503678 0.199325695634 
-0.414978563786 0.127654135227 0.194870099425 
-0.460867971182 0.143737092614 0.107262484729 
-0.423195421696 0.121463924646 0.122096285224 
-0.414278656244 0.142544165254 -0.146595060825 
-0.16800570488 -0.113499253988 -0.270569592714 
-0.008310680277649999 -0.338520258665 -0.269294202328 
0.062267575413 -0.151126652956 -0.315308243036 
0.0628167316318 -0.00228179898113 -0.317405700684 
-0.173486873507 0.00204810267314 -0.290578007698 
0.062267575413 -0.151126652956 -0.315308243036 
-0.0062086484395 0.297756284475 -0.300163477659 
-0.405341058969 0.295915722847 -0.270099103451 
-0.237165823579 0.131595268846 -0.280463248491 
-0.405341058969 0.295915722847 -0.270099103451 
-0.414278656244 0.142544165254 -0.146595060825 
-0.237165823579 0.131595268846 -0.280463248491 
-0.237165823579 0.131595268846 -0.280463248491 
-0.413425207138 0.12392205745 -0.14683650434 
-0.334419101477 0.127990722656 -0.140326842666 
-0.0062086484395 0.297756284475 -0.300163477659 
0.090301387012 0.124661356211 -0.350035876036 
0.0877626910806 0.152477696538 -0.326840281487 
-0.282480895519 -0.113423228264 -0.148240804672 
-0.411864608526 -0.132444024086 -0.126521810889 
-0.16800570488 -0.113499253988 -0.270569592714 
-0.493965357542 -0.282895773649 -0.248394429684 
-0.411864608526 -0.132444024086 -0.126521810889 
-0.470806658268 -0.144168123603 -0.145747587085 
-0.414086073637 -0.12611399591 -0.154710248113 
-0.413313597441 0.133973762393 -0.154694527388 
-0.398023277521 -0.133023872972 0.192324370146 
-0.413313597441 0.133973762393 -0.154694527388 
-0.39597722888 0.130664095283 0.193927764893 
-0.398023277521 -0.133023872972 0.192324370146 
0.06279969960450001 -0.00228173704818 -0.327405661345 
-0.0657025128603 -0.000632195442449 -0.341735094786 
-0.06566650420429999 -0.000328245165292 -0.321735113859 
-0.218194499612 0.125636890531 -0.342309951782 
-0.0352171733975 0.125095903873 -0.361407458782 
0.0853352844715 0.124581478536 -0.339727878571 
-0.06566650420429999 -0.000328245165292 -0.321735113859 
-0.0657025128603 -0.000632195442449 -0.341735094786 
-0.168484568596 0.00109678215813 -0.288851559162 
-0.337207108736 0.125445693731 -0.152979046106 
-0.218194499612 0.125636890531 -0.342309951782 
-0.218160554767 0.125635370612 -0.322309881449 
1.03321504593 -0.145366206765 -0.286276310682 
0.900365591049 0.253599017859 -0.173234879971 
0.872550010681 -0.0299646556377 -0.22146423161 
0.900365591049 0.253599017859 -0.173234879971 
0.720177769661 0.159940302372 -0.157373994589 
0.823942840099 0.120689809322 -0.215812981129 
0.503922402859 0.332643091679 -0.13081549108 
0.606479942799 0.121693082154 -0.176615208387 
0.720177769661 0.159940302372 -0.157373994589 
0.627196133137 -0.134423106909 -0.141824573278 
0.413713812828 -0.163450062275 -0.196662187576 
0.331114947796 -0.399141103029 -0.142482370138 
0.882121741772 -0.357502549887 -0.41473570466 
0.917917251587 -0.274834752083 -0.219246894121 
0.862536907196 -0.323035120964 -0.256441175938 
0.971392810345 0.243764579296 -0.41487878561 
0.769693434238 0.365319281816 -0.280618727207 
0.90870732069 0.289395749569 -0.215894773602 
0.882121741772 -0.357502549887 -0.41473570466 
0.971392810345 0.243764579296 -0.41487878561 
1.01059246063 0.0717609375715 -0.319314837456 
0.991886675358 -0.157565265894 -0.282096862793 
1.00821602345 -0.0828546062112 -0.385880738497 
1.01237487793 0.0868392512202 -0.315891116858 
0.95881062746 -0.218935087323 -0.239858388901 
0.856135547161 -0.328517138958 -0.269050300121 
0.8635839819909999 -0.339484542608 -0.261053472757 
0.9179098010059999 0.295210570097 -0.212483510375 
0.951454997063 0.260023623705 -0.417106926441 
0.775619089603 0.375260770321 -0.278610080481 
0.870876908302 -0.334928423166 -0.253994137049 
0.870938956738 -0.353089094162 -0.416774392128 
0.954663991928 -0.242326810956 -0.417077869177 
1.00821602345 -0.0828546062112 -0.385880738497 
1.01197659969 0.0646163001657 -0.413176864386 
1.01237487793 0.0868392512202 -0.315891116858 
1.01197659969 0.0646163001657 -0.413176864386 
0.951454997063 0.260023623705 -0.417106926441 
0.9179098010059999 0.295210570097 -0.212483510375 
0.482785910368 -0.235219404101 -0.343876302242 
0.482785910368 0.205740690231 -0.343876302242 
-0.46665418148 0.205740511417 -0.343876302242 
0.344721406698 0.06517063081259999 -0.0966281220317 
-0.168315783143 -0.112436100841 -0.287135899067 
-0.212206795812 0.125618994236 -0.3430300951 
-0.282106995583 -0.112105503678 -0.169189199805 
0.41165626049 -0.167067751288 -0.199649959803 
0.412232816219 0.165478155017 -0.198684990406 
0.170639798045 -0.165997594595 -0.305775791407 
-0.315495848656 -0.13793066144 0.0545862950385 
-0.31534704566 0.0298023130745 -0.150627464056 
0.344395339489 -0.0707594826818 -0.126328289509 
-0.314671903849 0.100626841187 0.122628971934 
0.345089286566 0.125545576215 -0.0634000003338 
-0.31534704566 0.0298023130745 -0.150627464056 
-0.314671903849 0.100626841187 0.122628971934 
-0.315495848656 -0.13793066144 0.0545862950385 
0.345223873854 0.0461984686553 0.155900582671 
-0.37538382411 -0.128823965788 0.104734010994 
-0.314645498991 0.12087302655 0.103058964014 
-0.37462541461 0.113037183881 0.09650383144620001 
-0.314645498991 0.12087302655 0.103058964014 
-0.314609467983 0.0874942317605 -0.113918952644 
-0.375409156084 0.09596189111469999 -0.120575331151 
-0.315114974976 -0.0826199799776 -0.116562344134 
-0.376134395599 -0.0831772387028 -0.118282794952 
-0.314410597086 0.08330410718920001 -0.113386914134 
-0.376317024231 -0.0805789381266 -0.109551206231 
-0.315334290266 -0.0989741384983 -0.123929612339 
-0.37538382411 -0.128823965788 0.104734010994 
-0.315334290266 -0.0989741384983 -0.123929612339 
-0.315250307322 -0.09087623655800001 0.116786152124 
-0.37538382411 -0.128823965788 0.104734010994 
-0.374878615141 0.128860324621 -0.0479077883065 
-0.37488296628 0.0882280990481 0.020477771759 
-0.374878615141 0.128860324621 -0.0479077883065 
-0.375152498484 0.07693677395579999 -0.0701563358307 
-0.374878615141 0.128860324621 -0.0479077883065 
-0.374446809292 0.061863552779 -0.124628506601 
-0.375152498484 0.07693677395579999 -0.0701563358307 
-0.375636786222 -0.126544639468 -0.04792381078 
-0.375571638346 -0.0746179074049 -0.0701662302017 
-0.374971330166 -0.0703185647726 -0.1169706285 
-0.375636786222 -0.126544639468 -0.04792381078 
-0.385308027267 -0.0790681317449 0.0625097677112 
-0.375270366669 -0.0732777044177 0.07449485361579999 
-0.384836137295 0.08327192068100001 0.0566536895931 
-0.384836137295 0.08327192068100001 0.0566536895931 
-0.374847710133 0.08615919202569999 0.0447723567486 
-0.380070537329 0.0769527629018 -0.07014895230529999 
-0.385127663612 -0.0338467210531 0.0895541533828 
-0.384875893593 0.06367931514980001 0.06750068813560001 
-0.384915560484 0.0869561061263 0.00348351476714 
-0.384942948818 0.06555475294590001 0.0245284643024 
-0.384942948818 0.06555475294590001 0.0245284643024 
-0.384915560484 0.0869561061263 0.00348351476714 
-0.385196268559 0.0264057815075 -0.0558835715055 
-0.385196268559 0.0264057815075 -0.0558835715055 
-0.385070413351 0.076967343688 -0.07014036923649999 
-0.385385841131 -0.0488142855465 -0.0360398665071 
-0.379324018955 -0.0759182721376 -0.0811535641551 
-0.383777290583 0.0792131051421 -0.07398498058319999 
-0.397605150938 0.017418531701 -0.0975027233362 
-0.396730542183 -0.0150053016841 -0.103334121406 
-0.379324018955 -0.0759182721376 -0.0811535641551 
-0.397605150938 0.017418531701 -0.0975027233362 
-0.397605150938 0.017418531701 -0.0975027233362 
-0.415308326483 0.00129469181411 -0.344397932291 
-0.396730542183 -0.0150053016841 -0.103334121406 
-0.397605150938 0.017418531701 -0.0975027233362 
-0.383777290583 0.0792131051421 -0.07398498058319999 
-0.394190847874 0.067858658731 -0.192554891109 
-0.379324018955 -0.0759182721376 -0.0811535641551 
-0.396730542183 -0.0150053016841 -0.103334121406 
-0.394586712122 -0.06541200727220001 -0.192562952638 
-0.397605150938 0.017418531701 -0.0975027233362 
-0.394190847874 0.067858658731 -0.192554891109 
-0.394589751959 0.0206159632653 -0.344431787729 
-0.394586712122 -0.06541200727220001 -0.192562952638 
-0.396730542183 -0.0150053016841 -0.103334121406 
-0.394704252481 -0.0179902948439 -0.344434171915 
-0.315645396709 0.0761564597487 -0.344562649727 
-0.394424080849 0.0763902962208 -0.344428390265 
-0.393894612789 0.0627852752805 -0.07368461787699999 
-0.394252091646 -0.053646158427 -0.0738696008921 
-0.394870281219 -0.073923677206 -0.344437479973 
-0.316135585308 -0.0891117677093 -0.344320416451 
-0.393894612789 0.0627852752805 -0.07368461787699999 
-0.375820308924 0.049858443439 -0.078558921814 
-0.314956724644 0.0564741753042 -0.0952939838171 
-0.394252091646 -0.053646158427 -0.0738696008921 
-0.314913749695 -0.06859085708859999 -0.102339722216 
-0.37610951066 -0.0475347228348 -0.0785650238395 
-0.315395176411 -0.10371812433 0.0482370369136 
-0.31511849165 -0.0532381050289 0.135739862919 
-0.315065085888 -0.0314790718257 0.111844778061 
-0.314773052931 0.06435912847520001 0.129201233387 
-0.314827829599 0.0536627173424 0.103464238346 
-0.31511849165 -0.0532381050289 0.135739862919 
-0.314700931311 0.127846226096 0.0602877028286 
-0.314773589373 0.103135108948 0.0472020693123 
-0.314773052931 0.06435912847520001 0.129201233387 
-0.314846456051 0.134689062834 -0.03567378968 
-0.314888477325 0.107946448028 -0.0275630187243 
-0.314700931311 0.127846226096 0.0602877028286 
-0.314592480659 0.0616029724479 -0.124744087458 
-0.314481437206 0.0581116862595 -0.0926828756928 
-0.314846456051 0.134689062834 -0.03567378968 
-0.314481437206 0.0581116862595 -0.0926828756928 
-0.314592480659 0.0616029724479 -0.124744087458 
-0.315008074045 -0.0475140959024 -0.0988253876567 
-0.314592480659 0.0616029724479 -0.124744087458 
-0.314986467361 -0.0694696828723 -0.117359884083 
-0.315008074045 -0.0475140959024 -0.0988253876567 
-0.315008074045 -0.0475140959024 -0.0988253876567 
-0.314986467361 -0.0694696828723 -0.117359884083 
-0.315523684025 -0.101182974875 -0.0374450683594 
-0.315643310547 -0.125893861055 -0.0505311563611 
-0.315502166748 -0.132736355066 0.0454312115908 
-0.315523684025 -0.101182974875 -0.0374450683594 
-0.315502166748 -0.132736355066 0.0454312115908 
-0.31511849165 -0.0532381050289 0.135739862919 
-0.315395176411 -0.10371812433 0.0482370369136 
0.344664782286 -0.108999706805 0.0923899784684 
0.34438097477 -0.139906153083 -0.0238870996982 
0.344687342644 -0.0900205224752 0.0768171325326 
0.342968851328 -0.08309386670589999 -0.108755946159 
0.34380954504 -0.0581055432558 -0.0938103273511 
0.34438097477 -0.139906153083 -0.0238870996982 
0.342968851328 -0.08309386670589999 -0.108755946159 
0.345217972994 -0.000975336646661 -0.137228995562 
0.34380954504 -0.0581055432558 -0.0938103273511 
0.34380954504 -0.0581055432558 -0.0938103273511 
0.345217972994 -0.000975336646661 -0.137228995562 
0.344312399626 0.0475210361183 -0.0999407470226 
0.344238162041 0.09082595258950001 -0.101174622774 
0.344312399626 0.0475210361183 -0.0999407470226 
0.345217972994 -0.000975336646661 -0.137228995562 
0.344312399626 0.0475210361183 -0.0999407470226 
0.344238162041 0.09082595258950001 -0.101174622774 
0.345038682222 0.101181864738 -0.0385549142957 
0.345038682222 0.101181864738 -0.0385549142957 
0.345186889172 0.134587049484 -0.0232019796968 
0.345200002193 0.103705629706 0.0471269600093 
0.345313370228 0.122240327299 0.0696304291487 
0.345226198435 0.0636587515473 0.12471267581 
0.345200002193 0.103705629706 0.0471269600093 
0.345031499863 -0.0146883009002 0.14280885458 
0.344664782286 -0.108999706805 0.0923899784684 
0.344687342644 -0.0900205224752 0.0768171325326 
0.423341393471 0.0739627704024 -0.345819801092 
0.344562590122 0.07419662177560001 -0.345685690641 
0.423656880856 0.0619296692312 -0.0750739350915 
0.40547311306 0.0460309386253 -0.0794777199626 
0.423656880856 0.0619296692312 -0.0750739350915 
0.344604551792 0.0540200024843 -0.09610567241909999 
0.4228951931 -0.0763512402773 -0.345828771591 
0.423331409693 -0.0552929714322 -0.07543899118899999 
0.344116479158 -0.07611732184889999 -0.345694839954 
0.423178792 -0.06783954054120001 -0.193954303861 
0.422895103693 -0.0763512402773 -0.345828801394 
0.42707079649 -0.0174780003726 -0.110859140754 
0.423187196255 0.021486453712 -0.344897478819 
0.423341363668 0.07396279275419999 -0.345819652081 
0.423574477434 0.06543111801150001 -0.193946152925 
0.412193447351 -0.0789677798748 -0.07716888189319999 
0.423178792 -0.06783954054120001 -0.193954303861 
0.42707079649 -0.0174780003726 -0.110859140754 
0.413061499596 0.076702915132 -0.0764451548457 
0.416558533907 0.0189434047788 -0.06912994384770001 
0.423187196255 0.021486453712 -0.344897478819 
0.416558533907 0.0189434047788 -0.06912994384770001 
0.42707079649 -0.0174780003726 -0.110859140754 
0.443720549345 -0.0206381157041 -0.345860540867 
0.443835586309 0.0181271005422 -0.345858365297 
0.416558533907 0.0189434047788 -0.06912994384770001 
0.443720549345 -0.0206381157041 -0.345860540867 
0.416558533907 0.0189434047788 -0.06912994384770001 
0.412193447351 -0.0789677798748 -0.07716888189319999 
0.42707079649 -0.0174780003726 -0.110859140754 
0.414671242237 -0.0194106474519 -0.0564377717674 
0.414474785328 -0.07696434110399999 -0.07151055336000001 
0.414842367172 0.0341681651771 -0.0492757484317 
0.415080368519 0.0399047844112 0.0805334076285 
0.414894521236 -0.0265067666769 0.087069965899 
0.414610087872 -0.08811645209790001 0.0275389943272 
0.414768248796 -0.0477909557521 0.0502310357988 
0.404379308224 -0.136727526784 -0.023320922628 
0.402573525906 -0.0712954327464 -0.12341170758 
0.404581397772 -0.0769339203835 -0.07149188965559999 
0.404379308224 -0.136727526784 -0.023320922628 
0.405116826296 0.126544758677 -0.049235381186 
0.404969424009 0.07462093234059999 -0.0714842602611 
0.404216378927 0.07032821327450001 -0.118286661804 
0.405293405056 0.132546305656 0.0442220680416 
0.405116826296 0.126544758677 -0.049235381186 
0.405023485422 -0.014865684323 0.142706736922 
0.344941854477 -0.0441318489611 0.145966634154 
0.344089388847 -0.109495677054 -0.129799723625 
0.404420018196 -0.149578303099 0.0230516530573 
0.404420018196 -0.149578303099 0.0230516530573 
0.344089388847 -0.109495677054 -0.129799723625 
0.405586510897 -0.0820980072021 -0.110248565674 
0.404880851507 -0.084757193923 -0.117787130177 
0.343861281872 -0.08531444519759999 -0.1195076406 
0.405585080385 0.0811666473746 -0.114611394703 
0.34532943368 0.148067086935 0.0384247228503 
0.40511187911 0.107369370759 -0.129889011383 
0.343681663275 0.079968906939 -0.110132783651 
0.405168950558 0.0284564495087 0.152603924274 
0.344941854477 -0.0441318489611 0.145966634154 
0.404420018196 -0.149578303099 0.0230516530573 
0.345223873854 0.0461984686553 0.155900582671 
0.345089286566 0.125545576215 -0.0634000003338 
-0.314671903849 0.100626841187 0.122628971934 
0.717592895031 -0.167131960392 -0.188914835453 
0.84205108881 -0.0868848562241 -0.215101614594 
0.714954376221 -0.152340203524 -0.157553896308 
0.732294440269 0.173280254006 -0.194147452712 
0.729565858841 0.09048534184690001 -0.150818556547 
0.866914629936 0.0554557777941 -0.225951835513 
0.732294440269 0.173280254006 -0.194147452712 
0.570970356464 0.0596808604896 -0.145955041051 
0.729565858841 0.09048534184690001 -0.150818556547 
0.717592895031 -0.167131960392 -0.188914835453 
0.714954376221 -0.152340203524 -0.157553896308 
0.58311009407 -0.09209228307010001 -0.154308959842 
0.957972764969 0.244987562299 -0.448876649141 
1.01630961895 0.0624619759619 -0.448987811804 
-0.416434705257 0.30158996582 -0.459499567747 
-0.346648275852 0.341192632914 -0.446649849415 
-0.416869014502 -0.441584587097 -0.450814366341 
-0.595003664494 0.00417326902971 -0.322677463293 
-0.416434705257 0.30158996582 -0.459499567747 
-0.540462851524 -0.286448508501 -0.41611930728 
-0.353022754192 0.324105322361 -0.446640044451 
-0.493233859539 0.189601898193 -0.437444597483 
-0.386154741049 0.334178924561 -0.416521251202 
-0.47832930088 -0.38107535243 -0.446497172117 
-0.289331495762 -0.5242615938189999 -0.446804404259 
-0.542371809483 -0.314778327942 -0.415630280972 
-0.289331495762 -0.5242615938189999 -0.446804404259 
-0.0186107624322 -0.365732997656 -0.447254598141 
-0.283189207315 -0.523797214031 -0.41681471467 
-0.0186107624322 -0.365732997656 -0.447254598141 
0.543176949024 -0.488780617714 -0.448218107224 
0.00447647087276 -0.365209430456 -0.417293727398 
0.543176949024 -0.488780617714 -0.448218107224 
0.937855601311 -0.312407672405 -0.44887816906 
0.561796784401 -0.489053398371 -0.418249815702 
1.00201821327 0.16981883347 -0.448955416679 
0.749602496624 0.39292538166 -0.448511451483 
1.0052549839 0.172130510211 -0.418960779905 
0.933720290661 -0.311691492796 -0.418870806694 
0.937855601311 -0.312407672405 -0.44887816906 
1.0052549839 0.172130510211 -0.418960779905 
0.0853254646063 0.327115178108 -0.417128205299 
-0.388770282269 0.341450035572 -0.417733609676 
-0.0062086484395 0.297756284475 -0.300163477659 
-0.388770282269 0.341450035572 -0.417733609676 
-0.520370006561 0.13758713007 -0.415668010712 
-0.6072517037389999 0.00489257788286 -0.310702353716 
-0.292959243059 -0.525628268719 -0.416810154915 
0.00178390496876 -0.362193822861 -0.417425960302 
-0.297833293676 -0.450423419476 -0.224670946598 
0.503922402859 0.332643091679 -0.13081549108 
0.756371438503 0.39692774415 -0.418631881475 
-0.0062086484395 0.297756284475 -0.300163477659 
0.54809653759 -0.48595136404 -0.418607383966 
0.8656038641929999 -0.37030518055 -0.418937295675 
0.704065978527 -0.437538594007 -0.245531603694 
1.03321504593 -0.145366206765 -0.286276310682 
0.732264101505 -0.308918952942 -0.12369273603 
0.853900611401 -0.334355294704 -0.249283209443 
0.732264101505 -0.308918952942 -0.12369273603 
0.704065978527 -0.437538594007 -0.245531603694 
0.853900611401 -0.334355294704 -0.249283209443 
0.331114947796 -0.399141103029 -0.142482370138 
0.704065978527 -0.437538594007 -0.245531603694 
0.732264101505 -0.308918952942 -0.12369273603 
0.331114947796 -0.399141103029 -0.142482370138 
0.732264101505 -0.308918952942 -0.12369273603 
0.627196133137 -0.134423106909 -0.141824573278 
-0.594170153141 -0.0973540470004 -0.309251278639 
-0.534802854061 -0.295566469431 -0.419063031673 
-0.493965357542 -0.282895773649 -0.248394429684 
-0.493965357542 -0.282895773649 -0.248394429684 
-0.534802854061 -0.295566469431 -0.419063031673 
-0.297833293676 -0.450423419476 -0.224670946598 
-0.388770282269 0.341450035572 -0.417733609676 
-0.6072517037389999 0.00489257788286 -0.310702353716 
-0.405341058969 0.295915722847 -0.270099103451 
0.896925926208 0.299219042063 -0.20960906148 
0.756433546543 0.366311490536 -0.281383275986 
0.900365591049 0.253599017859 -0.173234879971 
-0.414278656244 0.142544165254 -0.146595060825 
-0.6072517037389999 0.00489257788286 -0.310702353716 
-0.470806658268 -0.144168123603 -0.145747587085 
0.85986739397 -0.322405964136 -0.258989095688 
0.857431471348 -0.343543350697 -0.255818933249 
0.86303037405 -0.341161459684 -0.414608031511 
0.999278843403 0.198556348681 -0.414928764105 
0.767941713333 0.365578085184 -0.282230377197 
0.907573223114 0.288289487362 -0.2163272053 
0.872779607773 -0.349606782198 -0.414712935686 
0.999278843403 0.198556348681 -0.414928764105 
1.00345683098 -0.0877213999629 -0.309101551771 
1.00345683098 -0.0877213999629 -0.309101551771 
0.999278843403 0.198556348681 -0.414928764105 
1.01036572456 0.0718419626355 -0.319298446178 
0.558048248291 -0.0304655060172 -0.118364557624 
0.503922402859 0.332643091679 -0.13081549108 
0.41359436512 0.165100321174 -0.175876915455 
0.558048248291 -0.0304655060172 -0.118364557624 
0.41359436512 0.165100321174 -0.175876915455 
0.627196133137 -0.134423106909 -0.141824573278 
0.503922402859 0.332643091679 -0.13081549108 
-0.0062086484395 0.297756284475 -0.300163477659 
0.41359436512 0.165100321174 -0.175876915455 
0.331114947796 -0.399141103029 -0.142482370138 
0.413713812828 -0.163450062275 -0.196662187576 
-0.008310680277649999 -0.338520258665 -0.269294202328 
0.7247241735460001 -0.174473717809 -0.157400220633 
0.87741959095 0.0125112049282 -0.215325653553 
0.875426590443 -0.0320682525635 -0.231912091374 
0.560343444347 -0.000551071134396 -0.125345334411 
0.545948028564 -0.0442419052124 -0.145375341177 
0.687467992306 0.159161761403 -0.15068474412 
0.560343444347 -0.000551071134396 -0.125345334411 
0.7247241735460001 -0.174473717809 -0.157400220633 
0.545948028564 -0.0442419052124 -0.145375341177 
0.864383280277 0.0705526694655 -0.223954990506 
0.87741959095 0.0125112049282 -0.215325653553 
0.705083727837 0.164992779493 -0.173652872443 
-0.470806658268 -0.144168123603 -0.145747587085 
-0.471810281277 -0.133227214217 0.107582658529 
-0.414278656244 0.142544165254 -0.146595060825 
-0.471141666174 -0.135357737541 0.0998101755977 
-0.470806658268 -0.144168123603 -0.145747587085 
-0.413688927889 -0.127730503678 0.199325695634 
-0.297833293676 -0.450423419476 -0.224670946598 
-0.008310680277649999 -0.338520258665 -0.269294202328 
-0.493965357542 -0.282895773649 -0.248394429684 
-0.460867971182 0.143737092614 0.107262484729 
-0.471141666174 -0.135357737541 0.0998101755977 
-0.414978563786 0.127654135227 0.194870099425 
0.062267575413 -0.151126652956 -0.315308243036 
-0.173486873507 0.00204810267314 -0.290578007698 
-0.16800570488 -0.113499253988 -0.270569592714 
0.090301387012 0.124661356211 -0.350035876036 
-0.0062086484395 0.297756284475 -0.300163477659 
-0.237165823579 0.131595268846 -0.280463248491 
-0.411864608526 -0.132444024086 -0.126521810889 
-0.493965357542 -0.282895773649 -0.248394429684 
-0.16800570488 -0.113499253988 -0.270569592714 
0.412333160639 0.00039455408114 -0.170207187533 
0.412789344788 0.165008604527 -0.190077990294 
0.411802083254 -0.166982442141 -0.189947485924 
-0.218160554767 0.125635370612 -0.322309881449 
-0.218194499612 0.125636890531 -0.342309951782 
0.0853352844715 0.124581478536 -0.339727878571 
0.732264101505 -0.308918952942 -0.12369273603 
1.03321504593 -0.145366206765 -0.286276310682 
0.872550010681 -0.0299646556377 -0.22146423161 
0.7715212702749999 -0.154156580567 -0.196166992188 
0.732264101505 -0.308918952942 -0.12369273603 
0.872550010681 -0.0299646556377 -0.22146423161 
0.627196133137 -0.134423106909 -0.141824573278 
0.732264101505 -0.308918952942 -0.12369273603 
0.7715212702749999 -0.154156580567 -0.196166992188 
0.900365591049 0.253599017859 -0.173234879971 
0.503922402859 0.332643091679 -0.13081549108 
0.720177769661 0.159940302372 -0.157373994589 
0.872550010681 -0.0299646556377 -0.22146423161 
0.900365591049 0.253599017859 -0.173234879971 
0.823942840099 0.120689809322 -0.215812981129 
0.971392810345 0.243764579296 -0.41487878561 
0.90870732069 0.289395749569 -0.215894773602 
1.01059246063 0.0717609375715 -0.319314837456 
0.971392810345 0.243764579296 -0.41487878561 
0.76259291172 0.357881426811 -0.414516329765 
0.769693434238 0.365319281816 -0.280618727207 
0.917917251587 -0.274834752083 -0.219246894121 
0.882121741772 -0.357502549887 -0.41473570466 
1.00358259678 -0.0878535434604 -0.309080272913 
1.00358259678 -0.0878535434604 -0.309080272913 
0.882121741772 -0.357502549887 -0.41473570466 
1.01059246063 0.0717609375715 -0.319314837456 
0.883904218674 0.322544693947 -0.417405992746 
0.910812556744 0.296170800924 -0.417578101158 
0.765264570713 0.36214569211 -0.415662825108 
0.951454997063 0.260023623705 -0.417106926441 
0.910812556744 0.296170800924 -0.417578101158 
0.883904218674 0.322544693947 -0.417405992746 
0.856135547161 -0.328517138958 -0.269050300121 
0.867968320847 -0.347002625465 -0.415800690651 
0.8635839819909999 -0.339484542608 -0.261053472757 
0.848704814911 0.307937920094 -0.225025013089 
0.962348103523 0.215806573629 -0.25253662467 
0.967550456524 0.233591601253 -0.247572019696 
0.962348103523 0.215806573629 -0.25253662467 
1.01237487793 0.0868392512202 -0.315891116858 
0.967550456524 0.233591601253 -0.247572019696 
1.02010405064 -0.0855731740594 -0.31220549345 
0.928432583809 -0.285617053509 -0.215545728803 
0.954663991928 -0.242326810956 -0.417077869177 
0.928432583809 -0.285617053509 -0.215545728803 
0.870876908302 -0.334928423166 -0.253994137049 
0.954663991928 -0.242326810956 -0.417077869177 
0.768479824066 0.367738842964 -0.367886394262 
0.775619089603 0.375260770321 -0.278610080481 
0.772546470165 0.37891972065 -0.416817814112 
0.775619089603 0.375260770321 -0.278610080481 
0.951454997063 0.260023623705 -0.417106926441 
0.772546470165 0.37891972065 -0.416817814112 
0.954663991928 -0.242326810956 -0.417077869177 
1.00821602345 -0.0828546062112 -0.385880738497 
1.02010405064 -0.0855731740594 -0.31220549345 
1.01237487793 0.0868392512202 -0.315891116858 
1.01197659969 0.0646163001657 -0.413176864386 
0.9179098010059999 0.295210570097 -0.212483510375 
-0.46665418148 -0.235219404101 -0.343876302242 
3 703 237 330 
3 323 269 345 
3 269 323 271 
3 223 837 246 
3 272 210 271 
3 237 258 330 
3 258 204 210 
3 690 261 269 
3 690 667 205 
3 690 269 271 
3 667 690 271 
3 659 230 205 
3 192 223 205 
3 210 691 271 
3 691 667 271 
3 258 322 330 
3 272 322 210 
3 322 272 271 
3 323 322 271 
3 322 345 330 
3 322 323 345 
3 204 257 208 
3 257 204 258 
3 257 680 220 
3 201 204 208 
3 204 201 220 
3 257 201 208 
3 201 257 220 
3 667 669 205 
3 669 204 205 
3 669 667 210 
3 204 669 210 
3 837 267 246 
3 165 267 837 
3 165 628 330 
3 448 165 330 
3 841 690 232 
3 690 841 261 
3 223 191 205 
3 191 659 205 
3 191 223 246 
3 659 191 246 
3 193 217 205 
3 217 193 232 
3 690 195 232 
3 195 217 232 
3 217 195 205 
3 680 194 220 
3 194 192 205 
3 204 194 205 
3 194 204 220 
3 667 665 210 
3 665 691 210 
3 691 665 667 
3 336 258 210 
3 322 336 210 
3 336 322 258 
3 257 701 680 
3 703 701 237 
3 701 258 237 
3 701 257 258 
3 837 701 703 
3 701 194 680 
3 194 701 192 
3 267 830 246 
3 159 703 330 
3 628 159 330 
3 159 628 703 
3 628 627 703 
3 627 628 165 
3 627 837 703 
3 627 165 837 
3 448 377 261 
3 269 377 345 
3 261 377 269 
3 345 377 330 
3 377 448 330 
3 156 448 261 
3 156 267 165 
3 448 156 165 
3 200 690 205 
3 195 200 205 
3 200 195 690 
3 684 837 223 
3 409 684 223 
3 684 409 837 
3 409 421 837 
3 421 701 837 
3 701 700 192 
3 192 700 223 
3 700 409 223 
3 700 421 409 
3 421 700 701 
3 830 849 246 
3 849 659 246 
3 230 658 205 
3 658 193 205 
3 410 732 830 
3 732 849 830 
3 732 658 230 
3 658 732 410 
3 264 156 261 
3 841 264 261 
3 851 410 830 
3 851 830 267 
3 156 851 267 
3 264 851 156 
3 851 841 232 
3 851 264 841 
3 849 231 659 
3 732 231 849 
3 659 231 230 
3 231 732 230 
3 851 819 410 
3 658 819 193 
3 819 658 410 
3 193 819 232 
3 819 851 232 
Vertices and facets:
- p703(v8):  0.73 -0.31 -0.12
- p237(v5):  0.33  -0.4 -0.14
- p330(v3): -0.41 -0.13   0.2
- p269(v15): -0.41   0.3 -0.27
- p323(v13): -0.46  0.14  0.11
- p345(v7): -0.41  0.13  0.19
- p271(v0): -0.61 0.0049 -0.31
- p837(v17):  0.93 -0.29 -0.22
- p223(v10):  0.94 -0.31 -0.45
- p246(v1):     1 -0.15 -0.29
- p272(v19): -0.59 -0.097 -0.31
- p210(v11): -0.54 -0.31 -0.42
- p258(v22):  -0.3 -0.45 -0.22
- p204(v23): -0.42 -0.44 -0.45
- p690(v26): -0.39  0.34 -0.42
- p261(v24):   0.5  0.33 -0.13
- p667(v20): -0.49  0.19 -0.44
- p205(v9): -0.42   0.3 -0.46
- p659(v27):     1 0.062 -0.45
- p230(v16):     1  0.17 -0.45
- p192(v29):  0.83 -0.39 -0.45
- p691(v31): -0.52  0.14 -0.42
- p322(v32): -0.47 -0.13  0.11
- p257(v33): -0.29 -0.53 -0.42
- p208(v6): -0.29 -0.52 -0.45
- p680(v30):  0.56 -0.49 -0.42
- p220(v18):  0.54 -0.49 -0.45
- p201(v34): -0.29 -0.52 -0.45
- p669(v35): -0.48 -0.38 -0.45
- p267(v36):   0.9  0.25 -0.17
- p165(v25):  0.41 0.028  0.15
- p628(v37):  0.34 -0.044  0.15
- p448(v38):  0.35 0.046  0.16
- p841(v39):  0.78  0.38 -0.28
- p232(v2):  0.76   0.4 -0.42
- p191(v40):  0.98 -0.21 -0.45
- p193(v41):  0.83  0.35 -0.45
- p217(v28):  0.75  0.39 -0.45
- p195(v42):  0.59  0.39 -0.45
- p194(v45):  0.65 -0.47 -0.45
- p665(v46): -0.54 -0.29 -0.42
- p336(v47): -0.49 -0.28 -0.25
- p701(v48):   0.7 -0.44 -0.25
- p830(v49):  0.97  0.23 -0.25
- p159(v50):   0.4 -0.12 0.082
- p627(v51):  0.41 -0.015  0.14
- p377(v52):  -0.4  0.13  0.19
- p156(v53):  0.41 0.076  0.12
- p200(v54): -0.35  0.34 -0.45
- p684(v55):  0.93 -0.31 -0.42
- p409(v43):  0.88 -0.36 -0.41
- p421(v56):  0.87 -0.33 -0.25
- p700(v57):  0.87 -0.37 -0.42
- p849(v58):     1 0.087 -0.32
- p658(v61):  0.96  0.24 -0.45
- p732(v62):     1   0.2 -0.41
- p410(v59):  0.97  0.24 -0.41
- p264(v63):   0.9   0.3 -0.21
- p851(v64):  0.92   0.3 -0.21
- p231(v65):     1  0.17 -0.42
- p819(v66):  0.88  0.32 -0.42
- f17
    - flags: top simplicial
    - normal:    0.1103  -0.6473   0.7542
    - offset: -0.1874044
    - vertices: p703(v8) p237(v5) p330(v3)
    - neighboring facets: f85 f225 f211
- f52
    - flags: bottom simplicial
    - normal:   -0.2948   0.9005   0.3197
    - offset: -0.2996087
    - vertices: p269(v15) p323(v13) p345(v7)
    - neighboring facets: f142 f233 f54
- f54
    - flags: top simplicial
    - normal:   -0.8239   0.5572   0.1035
    - offset:  -0.470902
    - vertices: p269(v15) p323(v13) p271(v0)
    - neighboring facets: f140 f112 f52
- f60
    - flags: bottom simplicial
    - normal:    0.8203  -0.5635  0.09783
    - offset: -0.9014507
    - vertices: p837(v17) p223(v10) p246(v1)
    - neighboring facets: f178 f161 f244
- f73
    - flags: top simplicial
    - normal:   -0.9689   -0.127  -0.2123
    - offset:  -0.653713
    - vertices: p272(v19) p210(v11) p271(v0)
    - neighboring facets: f133 f139 f138
- f85
    - flags: bottom simplicial
    - normal:   -0.0138  -0.7975   0.6032
    - offset: -0.2277997
    - vertices: p258(v22) p237(v5) p330(v3)
    - neighboring facets: f17 f136 f212
- f89
    - flags: bottom simplicial
    - normal:   -0.6331  -0.7113   0.3054
    - offset: -0.4403128
    - vertices: p204(v23) p258(v22) p210(v11)
    - neighboring facets: f207 f156 f144
- f110
    - flags: top simplicial
    - normal:  -0.08227   0.9549   0.2853
    - offset: -0.2388648
    - vertices: p690(v26) p261(v24) p269(v15)
    - neighboring facets: f234 f112 f172
- f111
    - flags: top simplicial
    - normal:   -0.8242   0.5663 0.005468
    - offset: -0.5114951
    - vertices: p690(v26) p667(v20) p205(v9)
    - neighboring facets: f153 f241 f113
- f112
    - flags: top simplicial
    - normal:   -0.8242   0.5606  0.08039
    - offset: -0.4782477
    - vertices: p690(v26) p269(v15) p271(v0)
    - neighboring facets: f54 f113 f110
- f113
    - flags: bottom simplicial
    - normal:   -0.8261    0.559  0.07154
    - offset: -0.4821405
    - vertices: p690(v26) p667(v20) p271(v0)
    - neighboring facets: f134 f112 f111
- f117
    - flags: top simplicial
    - normal:  0.007555 0.001307       -1
    - offset: -0.4567343
    - vertices: p659(v27) p230(v16) p205(v9)
    - neighboring facets: f271 f177 f297
- f122
    - flags: top simplicial
    - normal:  0.004122 -0.008205       -1
    - offset: -0.4552888
    - vertices: p192(v29) p223(v10) p205(v9)
    - neighboring facets: f176 f199 f251
- f133
    - flags: bottom simplicial
    - normal:   -0.7932  0.03853  -0.6078
    - offset: -0.6706778
    - vertices: p691(v31) p210(v11) p271(v0)
    - neighboring facets: f73 f134 f205
- f134
    - flags: top simplicial
    - normal:   -0.8887   0.3307  -0.3175
    - offset:  -0.639949
    - vertices: p691(v31) p667(v20) p271(v0)
    - neighboring facets: f113 f133 f206
- f136
    - flags: bottom simplicial
    - normal:   -0.5609  -0.7254   0.3988
    - offset: -0.4042176
    - vertices: p322(v32) p258(v22) p330(v3)
    - neighboring facets: f85 f141 f209
- f138
    - flags: bottom simplicial
    - normal:   -0.9118  -0.3341   0.2389
    - offset: -0.5003901
    - vertices: p322(v32) p272(v19) p210(v11)
    - neighboring facets: f73 f208 f139
- f139
    - flags: top simplicial
    - normal:   -0.9555  -0.1184   0.2703
    - offset: -0.4956544
    - vertices: p322(v32) p272(v19) p271(v0)
    - neighboring facets: f73 f140 f138
- f140
    - flags: bottom simplicial
    - normal:    -0.947  0.03778   0.3191
    - offset: -0.4760849
    - vertices: p322(v32) p323(v13) p271(v0)
    - neighboring facets: f54 f139 f142
- f141
    - flags: top simplicial
    - normal:   -0.8449 0.005067   0.5349
    - offset: -0.4554953
    - vertices: p322(v32) p345(v7) p330(v3)
    - neighboring facets: f235 f136 f142
- f142
    - flags: top simplicial
    - normal:   -0.8826  0.03541   0.4688
    - offset:  -0.462133
    - vertices: p322(v32) p323(v13) p345(v7)
    - neighboring facets: f52 f141 f140
- f143
    - flags: bottom simplicial
    - normal:   -0.5388  -0.8361  -0.1033
    - offset: -0.6403556
    - vertices: p257(v33) p204(v23) p208(v6)
    - neighboring facets: f149 f151 f144
- f144
    - flags: top simplicial
    - normal:   -0.5903  -0.7566   0.2812
    - offset: -0.4534441
    - vertices: p257(v33) p204(v23) p258(v22)
    - neighboring facets: f89 f213 f143
- f146
    - flags: top simplicial
    - normal:   0.04266  -0.9985  -0.0356
    - offset: -0.5271543
    - vertices: p257(v33) p680(v30) p220(v18)
    - neighboring facets: f198 f152 f210
- f149
    - flags: top simplicial
    - normal:  -0.0004557 -0.04915  -0.9988
    - offset: -0.4721616
    - vertices: p201(v34) p204(v23) p208(v6)
    - neighboring facets: f143 f151 f150
- f150
    - flags: bottom simplicial
    - normal:  0.0003474 -0.04788  -0.9989
    - offset: -0.4712956
    - vertices: p201(v34) p204(v23) p220(v18)
    - neighboring facets: f203 f152 f149
- f151
    - flags: bottom simplicial
    - normal:    0.0232  -0.9988  -0.0427
    - offset: -0.5360088
    - vertices: p201(v34) p257(v33) p208(v6)
    - neighboring facets: f143 f149 f152
- f152
    - flags: top simplicial
    - normal:   0.04255  -0.9984 -0.03842
    - offset: -0.5283125
    - vertices: p201(v34) p257(v33) p220(v18)
    - neighboring facets: f146 f150 f151
- f153
    - flags: bottom simplicial
    - normal:   -0.2864 0.007718  -0.9581
    - offset: -0.5618297
    - vertices: p669(v35) p667(v20) p205(v9)
    - neighboring facets: f111 f154 f155
- f154
    - flags: top simplicial
    - normal:  -0.08143  -0.0116  -0.9966
    - offset: -0.4883529
    - vertices: p669(v35) p204(v23) p205(v9)
    - neighboring facets: f202 f153 f156
- f155
    - flags: top simplicial
    - normal:   -0.4316 0.003036   -0.902
    - offset:  -0.608063
    - vertices: p669(v35) p667(v20) p210(v11)
    - neighboring facets: f204 f156 f153
- f156
    - flags: bottom simplicial
    - normal:   -0.6957  -0.7129  0.08775
    - offset: -0.5652854
    - vertices: p669(v35) p204(v23) p210(v11)
    - neighboring facets: f89 f155 f154
- f161
    - flags: bottom simplicial
    - normal:    0.5889 -0.03271   0.8075
    - offset: -0.3820323
    - vertices: p267(v36) p837(v17) p246(v1)
    - neighboring facets: f60 f221 f162
- f162
    - flags: bottom simplicial
    - normal:    0.5606 -0.03574   0.8273
    - offset: -0.3523765
    - vertices: p267(v36) p165(v25) p837(v17)
    - neighboring facets: f231 f161 f239
- f164
    - flags: bottom simplicial
    - normal:   0.08699  -0.1621   0.9829
    - offset: -0.1806362
    - vertices: p628(v37) p165(v25) p330(v3)
    - neighboring facets: f167 f226 f229
- f167
    - flags: top simplicial
    - normal:   0.05616 0.004231   0.9984
    - offset: -0.1752363
    - vertices: p448(v38) p165(v25) p330(v3)
    - neighboring facets: f164 f236 f240
- f171
    - flags: top simplicial
    - normal:  -0.04765   0.9861   0.1591
    - offset: -0.2887519
    - vertices: p841(v39) p690(v26) p232(v2)
    - neighboring facets: f186 f293 f172
- f172
    - flags: bottom simplicial
    - normal:  -0.05105   0.9807   0.1889
    - offset: -0.2757697
    - vertices: p841(v39) p690(v26) p261(v24)
    - neighboring facets: f110 f282 f171
- f176
    - flags: bottom simplicial
    - normal:  0.006462 -0.003046       -1
    - offset: -0.4558784
    - vertices: p191(v40) p223(v10) p205(v9)
    - neighboring facets: f122 f177 f178
- f177
    - flags: top simplicial
    - normal:  0.007128 -0.00125       -1
    - offset: -0.4561423
    - vertices: p191(v40) p659(v27) p205(v9)
    - neighboring facets: f117 f176 f179
- f178
    - flags: top simplicial
    - normal:    0.9193  -0.3503  -0.1793
    - offset:  -1.052115
    - vertices: p191(v40) p223(v10) p246(v1)
    - neighboring facets: f60 f179 f176
- f179
    - flags: bottom simplicial
    - normal:    0.9498  -0.1413  -0.2792
    - offset:  -1.081795
    - vertices: p191(v40) p659(v27) p246(v1)
    - neighboring facets: f257 f178 f177
- f181
    - flags: top simplicial
    - normal:  0.007921  0.01916  -0.9998
    - offset: -0.4618799
    - vertices: p193(v41) p217(v28) p205(v9)
    - neighboring facets: f189 f272 f182
- f182
    - flags: bottom simplicial
    - normal:    0.4392    0.872  -0.2163
    - offset: -0.7688299
    - vertices: p193(v41) p217(v28) p232(v2)
    - neighboring facets: f187 f302 f181
- f186
    - flags: bottom simplicial
    - normal:   -0.0484   0.9987 -0.01607
    - offset: -0.3665349
    - vertices: p195(v42) p690(v26) p232(v2)
    - neighboring facets: f171 f187 f243
- f187
    - flags: top simplicial
    - normal:  -0.02802   0.9916  -0.1265
    - offset: -0.4253324
    - vertices: p195(v42) p217(v28) p232(v2)
    - neighboring facets: f182 f186 f189
- f189
    - flags: bottom simplicial
    - normal:  -0.007716    0.216  -0.9764
    - offset: -0.5169873
    - vertices: p195(v42) p217(v28) p205(v9)
    - neighboring facets: f181 f242 f187
- f198
    - flags: bottom simplicial
    - normal:    0.1858  -0.9747  -0.1243
    - offset: -0.6330571
    - vertices: p194(v45) p680(v30) p220(v18)
    - neighboring facets: f146 f203 f216
- f199
    - flags: top simplicial
    - normal:   0.00289 -0.01042  -0.9999
    - offset: -0.4551272
    - vertices: p194(v45) p192(v29) p205(v9)
    - neighboring facets: f122 f202 f217
- f202
    - flags: bottom simplicial
    - normal:  0.001972 -0.01169  -0.9999
    - offset: -0.4551213
    - vertices: p194(v45) p204(v23) p205(v9)
    - neighboring facets: f154 f199 f203
- f203
    - flags: top simplicial
    - normal:  0.001804 -0.01831  -0.9998
    - offset: -0.4580694
    - vertices: p194(v45) p204(v23) p220(v18)
    - neighboring facets: f150 f198 f202
- f204
    - flags: bottom simplicial
    - normal:    -0.654  0.03102  -0.7559
    - offset: -0.6590968
    - vertices: p665(v46) p667(v20) p210(v11)
    - neighboring facets: f155 f205 f206
- f205
    - flags: top simplicial
    - normal:   -0.6752  0.03278  -0.7369
    - offset: -0.6621785
    - vertices: p665(v46) p691(v31) p210(v11)
    - neighboring facets: f133 f204 f206
- f206
    - flags: bottom simplicial
    - normal:   -0.6624  0.03218  -0.7485
    - offset: -0.6602242
    - vertices: p665(v46) p691(v31) p667(v20)
    - neighboring facets: f134 f204 f205
- f207
    - flags: top simplicial
    - normal:   -0.6377  -0.7015   0.3183
    - offset:  -0.434364
    - vertices: p336(v47) p258(v22) p210(v11)
    - neighboring facets: f89 f208 f209
- f208
    - flags: bottom simplicial
    - normal:   -0.6733  -0.6657   0.3218
    - offset: -0.4409663
    - vertices: p336(v47) p322(v32) p210(v11)
    - neighboring facets: f138 f207 f209
- f209
    - flags: top simplicial
    - normal:   -0.6355  -0.6969   0.3325
    - offset: -0.4284297
    - vertices: p336(v47) p322(v32) p258(v22)
    - neighboring facets: f136 f207 f208
- f210
    - flags: bottom simplicial
    - normal:   0.04178  -0.9664   0.2538
    - offset: -0.3899115
    - vertices: p701(v48) p257(v33) p680(v30)
    - neighboring facets: f146 f216 f213
- f211
    - flags: bottom simplicial
    - normal:    0.1236  -0.6966   0.7068
    - offset: -0.2182494
    - vertices: p701(v48) p703(v8) p237(v5)
    - neighboring facets: f17 f212 f214
- f212
    - flags: top simplicial
    - normal:   0.02031  -0.9106   0.4128
    - offset:  -0.311366
    - vertices: p701(v48) p258(v22) p237(v5)
    - neighboring facets: f85 f211 f213
- f213
    - flags: top simplicial
    - normal:   0.01957  -0.9309   0.3648
    - offset: -0.3314848
    - vertices: p701(v48) p257(v33) p258(v22)
    - neighboring facets: f144 f212 f210
- f214
    - flags: bottom simplicial
    - normal:    0.3758  -0.6794   0.6302
    - offset:  -0.407108
    - vertices: p701(v48) p837(v17) p703(v8)
    - neighboring facets: f230 f211 f248
- f216
    - flags: top simplicial
    - normal:    0.2537  -0.9641  0.07854
    - offset:  -0.581183
    - vertices: p701(v48) p194(v45) p680(v30)
    - neighboring facets: f198 f210 f217
- f217
    - flags: bottom simplicial
    - normal:    0.4013  -0.9154  0.03075
    - offset: -0.6755431
    - vertices: p701(v48) p194(v45) p192(v29)
    - neighboring facets: f199 f250 f216
- f221
    - flags: bottom simplicial
    - normal:    0.7487  0.06234   0.6599
    - offset: -0.5756286
    - vertices: p830(v49) p267(v36) p246(v1)
    - neighboring facets: f161 f255 f288
- f225
    - flags: top simplicial
    - normal:    0.1164   -0.631    0.767
    - offset: -0.1853153
    - vertices: p159(v50) p703(v8) p330(v3)
    - neighboring facets: f17 f226 f227
- f226
    - flags: bottom simplicial
    - normal:    0.1209  -0.5854   0.8017
    - offset: -0.1845555
    - vertices: p159(v50) p628(v37) p330(v3)
    - neighboring facets: f164 f225 f227
- f227
    - flags: top simplicial
    - normal:    0.2071  -0.5327   0.8206
    - offset: -0.2147342
    - vertices: p159(v50) p628(v37) p703(v8)
    - neighboring facets: f228 f225 f226
- f228
    - flags: bottom simplicial
    - normal:    0.2712  -0.4628    0.844
    - offset: -0.2371671
    - vertices: p627(v51) p628(v37) p703(v8)
    - neighboring facets: f227 f230 f229
- f229
    - flags: top simplicial
    - normal:    0.1596  -0.2204   0.9623
    - offset: -0.2052235
    - vertices: p627(v51) p628(v37) p165(v25)
    - neighboring facets: f164 f231 f228
- f230
    - flags: top simplicial
    - normal:    0.4339    -0.29    0.853
    - offset: -0.3017711
    - vertices: p627(v51) p837(v17) p703(v8)
    - neighboring facets: f214 f228 f231
- f231
    - flags: top simplicial
    - normal:    0.4825  -0.1966   0.8535
    - offset: -0.3201552
    - vertices: p627(v51) p165(v25) p837(v17)
    - neighboring facets: f162 f230 f229
- f232
    - flags: bottom simplicial
    - normal:     0.114   0.6706    0.733
    - offset:  -0.184624
    - vertices: p377(v52) p448(v38) p261(v24)
    - neighboring facets: f238 f234 f236
- f233
    - flags: bottom simplicial
    - normal:   -0.1312   0.9331   0.3349
    - offset: -0.2388208
    - vertices: p377(v52) p269(v15) p345(v7)
    - neighboring facets: f52 f235 f234
- f234
    - flags: bottom simplicial
    - normal:  -0.08931   0.9377   0.3357
    - offset: -0.2229986
    - vertices: p377(v52) p261(v24) p269(v15)
    - neighboring facets: f110 f233 f232
- f235
    - flags: bottom simplicial
    - normal:   0.04673  0.01766   0.9988
    - offset: -0.1774878
    - vertices: p377(v52) p345(v7) p330(v3)
    - neighboring facets: f141 f236 f233
- f236
    - flags: top simplicial
    - normal:   0.05319  0.01721   0.9984
    - offset:  -0.174813
    - vertices: p377(v52) p448(v38) p330(v3)
    - neighboring facets: f167 f235 f232
- f238
    - flags: top simplicial
    - normal:    0.1323   0.6636   0.7363
    - offset: -0.1911252
    - vertices: p156(v53) p448(v38) p261(v24)
    - neighboring facets: f232 f280 f240
- f239
    - flags: top simplicial
    - normal:    0.2589   0.5647   0.7836
    - offset: -0.2405543
    - vertices: p156(v53) p267(v36) p165(v25)
    - neighboring facets: f162 f240 f290
- f240
    - flags: bottom simplicial
    - normal:    0.2127   0.5713   0.7927
    - offset: -0.2233997
    - vertices: p156(v53) p448(v38) p165(v25)
    - neighboring facets: f167 f239 f238
- f241
    - flags: top simplicial
    - normal:   -0.3491   0.7825  -0.5155
    - offset: -0.6182808
    - vertices: p200(v54) p690(v26) p205(v9)
    - neighboring facets: f111 f242 f243
- f242
    - flags: bottom simplicial
    - normal:  -0.01863   0.3381  -0.9409
    - offset: -0.5420863
    - vertices: p200(v54) p195(v42) p205(v9)
    - neighboring facets: f189 f241 f243
- f243
    - flags: top simplicial
    - normal:  -0.05029   0.9954 -0.08211
    - offset: -0.3937157
    - vertices: p200(v54) p195(v42) p690(v26)
    - neighboring facets: f186 f241 f242
- f244
    - flags: top simplicial
    - normal:    0.6782  -0.7265   0.1108
    - offset: -0.8132728
    - vertices: p684(v55) p837(v17) p223(v10)
    - neighboring facets: f60 f245 f246
- f245
    - flags: bottom simplicial
    - normal:    0.6648   -0.739   0.1093
    - offset: -0.8053296
    - vertices: p684(v55) p409(v43) p223(v10)
    - neighboring facets: f252 f244 f246
- f246
    - flags: top simplicial
    - normal:    0.6648  -0.7386    0.112
    - offset: -0.8039959
    - vertices: p684(v55) p409(v43) p837(v17)
    - neighboring facets: f247 f244 f245
- f247
    - flags: bottom simplicial
    - normal:    0.5821  -0.7986   0.1529
    - offset: -0.7355858
    - vertices: p421(v56) p409(v43) p837(v17)
    - neighboring facets: f246 f248 f253
- f248
    - flags: top simplicial
    - normal:     0.514  -0.8131   0.2733
    - offset:  -0.650532
    - vertices: p421(v56) p701(v48) p837(v17)
    - neighboring facets: f214 f247 f254
- f250
    - flags: bottom simplicial
    - normal:    0.4305  -0.9011  0.05169
    - offset: -0.6846935
    - vertices: p700(v57) p701(v48) p192(v29)
    - neighboring facets: f217 f251 f254
- f251
    - flags: bottom simplicial
    - normal:    0.5646  -0.8031  -0.1904
    - offset: -0.8659013
    - vertices: p700(v57) p192(v29) p223(v10)
    - neighboring facets: f122 f252 f250
- f252
    - flags: top simplicial
    - normal:    0.6172  -0.7862 -0.03086
    - offset: -0.8383206
    - vertices: p700(v57) p409(v43) p223(v10)
    - neighboring facets: f245 f251 f253
- f253
    - flags: top simplicial
    - normal:    0.5808  -0.7995   0.1529
    - offset: -0.7347666
    - vertices: p700(v57) p421(v56) p409(v43)
    - neighboring facets: f247 f252 f254
- f254
    - flags: bottom simplicial
    - normal:    0.5229  -0.8367   0.1627
    - offset: -0.6943081
    - vertices: p700(v57) p421(v56) p701(v48)
    - neighboring facets: f248 f250 f253
- f255
    - flags: bottom simplicial
    - normal:    0.9322   0.1269    0.339
    - offset: -0.8476426
    - vertices: p849(v58) p830(v49) p246(v1)
    - neighboring facets: f221 f257 f274
- f257
    - flags: top simplicial
    - normal:    0.9958    0.091  0.01277
    - offset:   -1.01196
    - vertices: p849(v58) p659(v27) p246(v1)
    - neighboring facets: f179 f255 f295
- f271
    - flags: bottom simplicial
    - normal:  0.007964 0.005714       -1
    - offset: -0.4578844
    - vertices: p658(v61) p230(v16) p205(v9)
    - neighboring facets: f117 f272 f275
- f272
    - flags: top simplicial
    - normal:   0.00821   0.0117  -0.9999
    - offset: -0.4595635
    - vertices: p658(v61) p193(v41) p205(v9)
    - neighboring facets: f181 f271 f300
- f273
    - flags: bottom simplicial
    - normal:      0.85   0.5243   0.0514
    - offset: -0.9321622
    - vertices: p732(v62) p410(v59) p830(v49)
    - neighboring facets: f287 f274 f276
- f274
    - flags: top simplicial
    - normal:    0.9635   0.2318   0.1341
    - offset: -0.9531499
    - vertices: p732(v62) p849(v58) p830(v49)
    - neighboring facets: f255 f273 f296
- f275
    - flags: top simplicial
    - normal:    0.8122   0.4763  -0.3369
    - offset:  -1.045966
    - vertices: p732(v62) p658(v61) p230(v16)
    - neighboring facets: f271 f298 f276
- f276
    - flags: bottom simplicial
    - normal:    0.8112   0.5007  -0.3022
    - offset:  -1.035383
    - vertices: p732(v62) p658(v61) p410(v59)
    - neighboring facets: f301 f273 f275
- f280
    - flags: top simplicial
    - normal:     0.203   0.6407   0.7405
    - offset:  -0.218513
    - vertices: p264(v63) p156(v53) p261(v24)
    - neighboring facets: f238 f282 f291
- f282
    - flags: bottom simplicial
    - normal:    0.1819   0.8039   0.5662
    - offset: -0.2850184
    - vertices: p264(v63) p841(v39) p261(v24)
    - neighboring facets: f172 f280 f294
- f287
    - flags: top simplicial
    - normal:    0.7927   0.6072  0.05512
    - offset: -0.8951157
    - vertices: p851(v64) p410(v59) p830(v49)
    - neighboring facets: f273 f288 f299
- f288
    - flags: top simplicial
    - normal:    0.7503   0.2578   0.6087
    - offset: -0.6354867
    - vertices: p851(v64) p830(v49) p267(v36)
    - neighboring facets: f221 f290 f287
- f290
    - flags: bottom simplicial
    - normal:    0.2226   0.6176   0.7543
    - offset:  -0.226361
    - vertices: p851(v64) p156(v53) p267(v36)
    - neighboring facets: f239 f288 f291
- f291
    - flags: bottom simplicial
    - normal:    0.2215    0.619   0.7535
    - offset:  -0.225919
    - vertices: p851(v64) p264(v63) p156(v53)
    - neighboring facets: f280 f290 f294
- f293
    - flags: top simplicial
    - normal:     0.463   0.8833  0.07304
    - offset: -0.6702492
    - vertices: p851(v64) p841(v39) p232(v2)
    - neighboring facets: f171 f303 f294
- f294
    - flags: top simplicial
    - normal:    0.2283   0.8284   0.5115
    - offset: -0.3454277
    - vertices: p851(v64) p264(v63) p841(v39)
    - neighboring facets: f282 f293 f291
- f295
    - flags: bottom simplicial
    - normal:    0.9952  0.09713  0.01163
    - offset:   -1.01228
    - vertices: p231(v65) p849(v58) p659(v27)
    - neighboring facets: f257 f297 f296
- f296
    - flags: bottom simplicial
    - normal:    0.9735   0.2046    0.102
    - offset: -0.9710911
    - vertices: p231(v65) p732(v62) p849(v58)
    - neighboring facets: f274 f295 f298
- f297
    - flags: bottom simplicial
    - normal:    0.9845   0.1311  -0.1163
    - offset:  -1.061002
    - vertices: p231(v65) p659(v27) p230(v16)
    - neighboring facets: f117 f298 f295
- f298
    - flags: top simplicial
    - normal:    0.9639   0.2366  -0.1223
    - offset:  -1.060893
    - vertices: p231(v65) p732(v62) p230(v16)
    - neighboring facets: f275 f297 f296
- f299
    - flags: bottom simplicial
    - normal:    0.6693   0.7429 -0.01197
    - offset: -0.8362098
    - vertices: p819(v66) p851(v64) p410(v59)
    - neighboring facets: f287 f301 f303
- f300
    - flags: bottom simplicial
    - normal:    0.6117   0.7185   -0.331
    - offset: -0.9106044
    - vertices: p819(v66) p658(v61) p193(v41)
    - neighboring facets: f272 f302 f301
- f301
    - flags: top simplicial
    - normal:    0.6545   0.7194  -0.2325
    - offset:  -0.907615
    - vertices: p819(v66) p658(v61) p410(v59)
    - neighboring facets: f276 f299 f300
- f302
    - flags: bottom simplicial
    - normal:    0.5038   0.8632 -0.03395
    - offset: -0.7378643
    - vertices: p819(v66) p193(v41) p232(v2)
    - neighboring facets: f182 f303 f300
- f303
    - flags: top simplicial
    - normal:    0.5033   0.8635  0.03166
    - offset: -0.7102077
    - vertices: p819(v66) p851(v64) p232(v2)
    - neighboring facets: f293 f302 f299
