3
825 188 282
-0.061950456351 0.320199400187 0.181747883558 
-0.119698494673 0.320199400187 0.181747883558 
-0.124004498124 0.35992950201 0.204677894711 
-0.23734587431 0.275791376829 0.194069817662 
-0.220971375704 0.112656325102 0.156372517347 
-0.241344496608 0.136439502239 0.135537996888 
-0.220971375704 0.112656325102 0.156372517347 
-0.23734587431 0.275791376829 0.194069817662 
-0.203484490514 0.258339494467 0.22670789063 
-0.117942385375 0.0410365276039 0.20060774684 
-0.148464500904 0.248749494553 0.261088013649 
-0.0547059625387 0.237666010857 0.292607426643 
0.0128174973652 0.363325178623 0.211197510362 
0.0534734725952 0.319242537022 0.18347351253 
-0.061950456351 0.320199400187 0.181747883558 
0.137295499444 0.0581294558942 0.183847993612 
0.139295503497 0.0472994595766 0.137138098478 
0.13964676857 0.0148095171899 0.131688520312 
0.159295499325 0.09508946537970001 0.165737897158 
0.159295499325 0.0485894382 0.136467993259 
0.159295499325 0.0596394278109 0.183337986469 
0.13929015398 0.0477767921984 0.121656946838 
0.139045581222 0.116932064295 0.0593881979585 
0.139031976461 0.00844364147633 -0.143548667431 
0.139534026384 -0.0458050519228 0.12616404891 
0.139031976461 0.00844364147633 -0.143548667431 
0.139763593674 -0.118926011026 0.0702230855823 
0.139763593674 -0.118926011026 0.0702230855823 
0.139031976461 0.00844364147633 -0.143548667431 
0.13968269527 -0.142823517323 -0.019391041249 
0.139375537634 -0.0929038226604 -0.112798459828 
0.13968269527 -0.142823517323 -0.019391041249 
0.139031976461 0.00844364147633 -0.143548667431 
0.138830065727 0.101851269603 -0.09362830966709999 
0.139031976461 0.00844364147633 -0.143548667431 
0.138872027397 0.130057677627 -0.0191564932466 
0.138872027397 0.130057677627 -0.0191564932466 
0.139031976461 0.00844364147633 -0.143548667431 
0.139045581222 0.116932064295 0.0593881979585 
0.139534026384 -0.0458050519228 0.12616404891 
0.13929015398 0.0477767921984 0.121656946838 
0.139031976461 0.00844364147633 -0.143548667431 
-0.518704414368 0.0751947015524 0.110086478293 
-0.518704414368 0.128319397569 0.0267063900828 
-0.518704295158 -0.00360034988262 -0.011316829361 
-0.518704354763 0.119791865349 -0.0716910138726 
-0.518704414368 0.0282971560955 -0.140691742301 
-0.518704473972 -0.0535409525037 -0.134197428823 
-0.518704414368 -0.129601061344 -0.0716951712966 
-0.518704414368 -0.129849895835 0.0594421736896 
-0.518704473972 -0.06819050014020001 0.114627994597 
-0.518704473972 -0.00490051275119 0.130227997899 
-0.518704533577 -0.00529010174796 0.133294686675 
-0.518704473972 -0.06819050014020001 0.114627994597 
0.139295503497 -0.06819053739310001 0.114627994597 
0.159295499325 0.0166394393891 0.192877992988 
0.159295499325 0.00680946372449 0.145727992058 
0.159295499325 -0.0270634889603 0.18260884285 
0.209295496345 -0.00490562384948 -0.00595703115687 
0.209295496345 -0.0877059921622 0.0176211930811 
0.209295496345 -0.07951542735100001 -0.052649166435 
0.209295481443 0.0801057964563 -0.0195796396583 
0.209295511246 0.0429936125875 -0.0797987505794 
0.209295496345 0.08454731851819999 0.0510318204761 
0.209295496345 -0.0618911348283 0.0834982097149 
0.199345648289 -0.0586231611669 -0.135536760092 
0.199296504259 -0.0536022186279 -0.0764546915889 
0.199275240302 -0.09079228341579999 -0.0227783769369 
0.199345648289 -0.0586231611669 -0.135536760092 
0.19931781292 0.00987880676985 -0.09311398118729999 
0.199296504259 -0.0536022186279 -0.0764546915889 
0.198942139745 0.060290068388 -0.127981215715 
0.199264630675 0.07744003087280001 -0.0375031642616 
0.19931781292 0.00987880676985 -0.09311398118729999 
0.198942139745 0.060290068388 -0.127981215715 
0.198837861419 0.11484862864 -0.0699723809958 
0.199264630675 0.07744003087280001 -0.0375031642616 
0.198837861419 0.11484862864 -0.0699723809958 
0.198599740863 0.132777392864 0.00761674856767 
0.199264630675 0.07744003087280001 -0.0375031642616 
0.219295501709 0.0857994407415 0.0566679351032 
0.219295501709 0.09129103273149999 0.0987904891372 
0.219295501709 0.0320994220674 0.0685780271888 
-0.518704354763 0.0190182682127 -0.0636750906706 
-0.518704295158 0.0590281672776 -0.0059497631155 
-0.518704414368 -0.0430922880769 0.0435590818524 
-0.518704414368 0.0189946163446 0.0517710633576 
-0.518704354763 -0.0429373905063 -0.0555275343359 
-0.518704414368 -0.0662105381489 -0.00607594102621 
-0.58870434761 0.018994435668 0.0517710670829 
-0.58870446682 0.0543342083693 0.00992115028203 
-0.58870446682 -0.0544762425125 -0.0439886860549 
-0.5887044072149999 0.0446519739926 -0.0440036207438 
-0.58870434761 -0.00491100596264 -0.06727965921159999 
-0.58870434761 -0.0282975379378 0.0498577691615 
-0.5887044072149999 -0.0627248287201 0.017575988546 
-0.568767607212 0.0176490470767 0.08187400549649999 
-0.568704426289 -0.0279705394059 0.08013793826100001 
-0.567871332169 -0.0246185436845 0.171418830752 
-0.568704426289 -0.0279705394059 0.08013793826100001 
-0.568704605103 -0.0453068427742 0.113189637661 
-0.567871332169 -0.0246185436845 0.171418830752 
0.138608664274 0.288863331079 0.268023967743 
0.126285001636 0.28197479248 0.302879601717 
0.150693282485 0.257497400045 0.279828369617 
0.06658824533219999 0.329980313778 0.222568273544 
0.0810599699616 0.308748990297 0.284023404121 
0.138608664274 0.288863331079 0.268023967743 
-0.140310183167 0.345360696316 0.228328734636 
0.07727698236699999 0.32824409008 0.226836279035 
0.0495509319007 0.357847601175 0.204629436135 
-0.33777692914 0.260041207075 0.228527367115 
-0.338245809078 0.292945384979 0.18452899158 
-0.370465993881 0.253770142794 0.217034608126 
-0.12432397902 0.361472427845 0.205587565899 
-0.254132568836 0.316771924496 0.200748622417 
-0.139638587832 0.342380404472 0.226014703512 
-0.204516902566 0.297275751829 0.234607309103 
-0.1840197891 0.290497690439 0.211724624038 
-0.07938881218429999 0.261027812958 0.281920492649 
-0.235193774104 0.320198953152 0.181746825576 
-0.485858440399 0.191659659147 0.112258546054 
-0.2208314538 0.110912933946 0.157190859318 
-0.264185428619 0.170273095369 0.09582713991400001 
-0.485852509737 -0.04669656232 0.191626161337 
-0.223144486547 -0.0464905202389 0.189677909017 
-0.143851831555 0.040417779237 0.193940296769 
-0.485858440399 0.191659659147 0.112258546054 
-0.143851831555 0.040417779237 0.193940296769 
-0.2208314538 0.110912933946 0.157190859318 
0.00329549983144 0.0464194901288 0.225557982922 
-0.0535334013402 0.0452967807651 0.220641165972 
-0.0259218085557 0.241023078561 0.294518500566 
0.0647408217192 0.252112418413 0.279830724001 
0.120991967618 0.0415998846292 0.184474632144 
0.0455955080688 0.0452094599605 0.220097988844 
-0.148919865489 0.24866065383 0.261802881956 
-0.171284496784 0.0644394308329 0.181637898088 
-0.22114379704 0.112839199603 0.157065421343 
-0.22114379704 0.112839199603 0.157065421343 
-0.18644683063 0.253618299961 0.237233802676 
-0.148919865489 0.24866065383 0.261802881956 
-0.148919865489 0.24866065383 0.261802881956 
-0.188224390149 0.276525765657 0.235798865557 
-0.109209671617 0.245364367962 0.278421282768 
-0.148919865489 0.24866065383 0.261802881956 
-0.18644683063 0.253618299961 0.237233802676 
-0.222327232361 0.273536831141 0.213368490338 
-0.222327232361 0.273536831141 0.213368490338 
-0.188224390149 0.276525765657 0.235798865557 
-0.148919865489 0.24866065383 0.261802881956 
-0.18644683063 0.253618299961 0.237233802676 
-0.217670947313 0.27766636014 0.188100844622 
-0.222327232361 0.273536831141 0.213368490338 
-0.0248639713973 0.25844502449 0.289308935404 
-0.11458799988 0.319849222898 0.182033166289 
0.0627810284495 0.259667575359 0.275131523609 
0.122204855084 0.274357974529 0.23888272047 
0.0627810284495 0.259667575359 0.275131523609 
0.0594974979758 0.316679686308 0.180656194687 
0.188608109951 -0.0464063882828 0.40188139677 
0.189409837127 -0.0237173940986 0.406132102013 
0.189945980906 0.06942015141250001 0.407370358706 
-0.0515621937811 -0.0521946847439 0.431255936623 
0.189945980906 0.06942015141250001 0.407370358706 
-0.017991790548 0.214888304472 0.372697144747 
-0.558082461357 -0.00130254740361 0.20422424376 
-0.349782109261 -0.0360414125025 0.361122131348 
-0.489759117365 0.145436391234 0.218405619264 
0.189945980906 0.06942015141250001 0.407370358706 
0.172009631991 0.195000514388 0.343094408512 
-0.017991790548 0.214888304472 0.372697144747 
-0.518454134464 0.117519073188 0.193145513535 
-0.558082461357 -0.00130254740361 0.20422424376 
-0.489759117365 0.145436391234 0.218405619264 
0.217543870211 0.064277112484 0.378910243511 
0.189409837127 -0.0237173940986 0.406132102013 
0.218350827694 -0.0228762570769 0.383389353752 
0.172009631991 0.195000514388 0.343094408512 
0.176115483046 0.257909506559 0.312077909708 
0.126394793391 0.257189899683 0.324201315641 
-0.017991790548 0.214888304472 0.372697144747 
0.126394793391 0.257189899683 0.324201315641 
0.130933314562 0.296694099903 0.276726156473 
-0.222227782011 0.197270661592 0.348477482796 
-0.017991790548 0.214888304472 0.372697144747 
-0.262000977993 0.331899374723 0.216966494918 
-0.222227782011 0.197270661592 0.348477482796 
-0.33895739913 0.262028038502 0.230457141995 
-0.370434492826 0.251719474792 0.215217888355 
-0.33895739913 0.262028038502 0.230457141995 
-0.222227782011 0.197270661592 0.348477482796 
-0.262000977993 0.331899374723 0.216966494918 
-0.262000977993 0.331899374723 0.216966494918 
0.0811312645674 0.309848994017 0.284579515457 
0.0805496424437 0.34161055088 0.225342139602 
-0.148464500904 0.248749494553 0.261088013649 
-0.118034496903 0.0409494787455 0.200867891312 
-0.14706543088 0.0414969995618 0.18633453548 
-0.56831741333 0.104493103921 0.138050690293 
-0.447456687689 0.203517198563 0.165660098195 
-0.568704426289 0.133549496531 0.0749778673053 
0.19929549098 -0.0545305199921 0.227518007159 
0.19929549098 -0.0804905369878 0.349667996168 
0.127615496516 -0.0646905526519 0.275297999382 
-0.518704354763 0.0524999238551 -0.141478091478 
-0.518704473972 0.134275779128 0.0529632642865 
0.139294341207 0.0394855588675 -0.159444436431 
-0.518704473972 0.134275779128 0.0529632642865 
-0.518704473972 -0.00465309852734 0.132145687938 
0.139295130968 0.118351057172 0.0790406391025 
-0.518703997135 -0.12000387162 -0.09206077456469999 
-0.518704354763 0.0524999238551 -0.141478091478 
0.139294341207 0.0394855588675 -0.159444436431 
-0.518703997135 -0.12000387162 -0.09206077456469999 
0.139294341207 0.0394855588675 -0.159444436431 
0.139295473695 -0.148705512285 -0.0234987344593 
-0.518703341484 -0.08340590447189999 0.134303465486 
-0.518703997135 -0.12000387162 -0.09206077456469999 
0.139295473695 -0.148705512285 -0.0234987344593 
-0.518704473972 0.134275779128 0.0529632642865 
0.139295130968 0.118351057172 0.0790406391025 
0.139294341207 0.0394855588675 -0.159444436431 
-0.5187106728550001 -0.0942280963063 0.0176319330931 
-0.588695108891 -0.0921185687184 0.0171973966062 
-0.5887044072149999 -0.0906605571508 -0.0289320386946 
0.166704982519 -0.08225158602 0.375055372715 
0.0158311463892 -0.08617950230840001 0.395352840424 
0.122490689158 -0.07866470515729999 0.369616627693 
0.0158311463892 -0.08617950230840001 0.395352840424 
-0.0911595895886 -0.07240075618029999 0.38314846158 
-0.131286457181 -0.0841975361109 0.368326634169 
-0.131094500422 -0.0833705216646 0.363177895546 
-0.132866188884 -0.0742819160223 0.375047534704 
-0.173163279891 -0.08194655925039999 0.359421163797 
-0.0897645056248 -0.0846705287695 0.369327992201 
-0.0864845067263 -0.0769105106592 0.33279800415 
-0.0473485067487 -0.08301024883990001 0.361184239388 
0.08959548920389999 -0.0735405310988 0.316968083382 
0.122095495462 -0.0839205160737 0.365768015385 
0.07840548455720001 -0.08509053289890001 0.371298104525 
-0.242494508624 -0.077330507338 0.334767907858 
-0.245720684528 -0.0679969787598 0.346284329891 
-0.283560335636 -0.0746522471309 0.324774622917 
-0.08991716057059999 -0.0848287940025 0.370066523552 
-0.172064498067 -0.08158050477500001 0.354787886143 
-0.127176702023 -0.07192382961509999 0.30938193202 
-0.127176702023 -0.07192382961509999 0.30938193202 
-0.0864845067263 -0.0769105106592 0.33279800415 
-0.08991716057059999 -0.0848287940025 0.370066523552 
0.0924980789423 -0.0727606192231 0.313835978508 
0.163255497813 -0.0823105350137 0.35820800066 
0.122095495462 -0.0839205160737 0.365768015385 
-0.281764507294 -0.0742604732513 0.320347994566 
-0.28850492835 -0.065966643393 0.339048713446 
-0.32154250145 -0.0453284308314 0.312262952328 
-0.363792359829 -0.0664881914854 0.298098742962 
-0.324064463377 -0.0714305117726 0.312557995319 
-0.32726508379 -0.0605433657765 0.321729153395 
-0.400480747223 -0.0619468688965 0.277313351631 
-0.361664503813 -0.06746047735210001 0.293887883425 
-0.365252077579 -0.0565425083041 0.302896440029 
-0.199124500155 -0.0553604885936 0.23143799603 
-0.179424494505 -0.0611105300486 0.258487999439 
-0.242494508624 -0.077330507338 0.334767907858 
-0.139033198357 -0.0594772323966 0.416707754135 
-0.138442575932 -0.0674740597606 0.411381214857 
0.195712849498 -0.0602279640734 0.400294482708 
-0.199124500155 -0.0553604885936 0.23143799603 
-0.281764507294 -0.0742604732513 0.320347994566 
-0.31998449564 -0.0707604959607 0.30388790369 
0.159709900618 -0.0801469758153 0.106535196304 
0.199709698558 -0.08002826571460001 0.106467097998 
0.19929549098 -0.0523005276918 0.124887995422 
-0.433019697666 -0.0274040605873 0.250422745943 
-0.402894496918 -0.061300508678 0.281448096037 
-0.40512701869 -0.0482983402908 0.287841409445 
-0.199068561196 -0.0557611435652 0.231653928757 
-0.223144486547 -0.0464905202389 0.189677909017 
-0.199094504118 -0.0174905005842 0.193477898836 
-0.333062440157 -0.0440856739879 0.337964594364 
-0.255463063717 -0.0488397292793 0.379353940487 
-0.337242186069 -0.0347907058895 0.348829656839 
-0.552354514599 -0.0377205274999 0.14964799583 
-0.568704426289 -0.0372505187988 0.135257989168 
-0.518474042416 -0.0301347654313 0.1410125494 
-0.504145860672 -0.0239148698747 0.20566187799 
-0.480484485626 -0.0465304888785 0.239127993584 
-0.480859816074 -0.0321230888367 0.242583021522 
0.208616629243 -0.0224511027336 0.375286996365 
0.204692915082 -0.0233979504555 0.395804584026 
0.196528166533 -0.0553101822734 0.379925072193 
0.219296380877 -0.0292373653501 0.231847330928 
0.159295514226 -0.0292354580015 0.230788528919 
0.159295514226 -0.0229744333774 0.191907346249 
0.219295501709 -0.0619008615613 0.0901838466525 
0.219295501709 -0.00695053068921 0.0772280842066 
0.219295501709 -0.045360557735 0.129428103566 
0.00329549983144 0.0464194901288 0.225557982922 
0.0455955080688 0.0452094599605 0.220097988844 
0.0321754775941 -0.0804505124688 0.349468111992 
-0.149181589484 0.0408676154912 0.196919247508 
0.00329549983144 0.0464194901288 0.225557982922 
-0.0290602110326 -0.0818011462688 0.350735455751 
0.0455955080688 0.0452094599605 0.220097988844 
0.0858655050397 0.0417194403708 0.204338088632 
0.09684845060110001 -0.0723080411553 0.311656802893 
0.239295497537 0.0902494490147 0.330857992172 
0.239295497537 0.0511994883418 0.339518010616 
0.239295497537 -0.00445053074509 0.0885079950094 
-0.578703999519 0.0809903591871 0.0170591492206 
-0.568703234196 0.0842435359955 -0.008700691163539999 
-0.588724911213 0.0785471796989 -0.0529274456203 
-0.5187095999719999 0.0870395451784 -0.009020325727760001 
-0.588724911213 0.0785471796989 -0.0529274456203 
-0.568703234196 0.0842435359955 -0.008700691163539999 
0.219295501709 0.0853811278939 0.121956653893 
0.215578317642 0.08463695645329999 0.0723318755627 
0.199295520782 0.0910502225161 0.0746525377035 
0.219295501709 0.142309501767 0.311578094959 
0.219295501709 0.0902494490147 0.330857992172 
0.219295471907 0.109984055161 0.185797527432 
-0.568704366684 0.0637935400009 0.0462136678398 
-0.568704426289 0.110379494727 0.124657891691 
-0.568704426289 0.125339493155 0.06955794990060001 
0.221806451678 0.139897808433 0.176689982414 
0.207397073507 0.16784606874 0.164503782988 
0.159305498004 0.142519399524 0.18087798357 
0.221803501248 0.212377995253 0.294732540846 
0.186980798841 0.235971719027 0.327978074551 
0.192528694868 0.19636619091 0.349542915821 
0.219295501709 0.239359483123 0.264988005161 
0.221803501248 0.212377995253 0.294732540846 
0.219295501709 0.150407344103 0.176098406315 
0.219295501709 0.150407344103 0.176098406315 
0.221803501248 0.212377995253 0.294732540846 
0.190048485994 0.146044716239 0.352664589882 
0.00329549983144 0.0464194901288 0.225557982922 
0.00326968962327 0.238852530718 0.293066710234 
0.0361555106938 0.237719491124 0.29229798913 
0.125965490937 0.251169472933 0.255347907543 
0.153005495667 0.248099491 0.227257996798 
0.153435498476 0.0913394615054 0.168577998877 
0.215045765042 0.214586406946 0.297921746969 
0.216043695807 0.243443831801 0.268135040998 
0.218545496464 0.247199490666 0.276367992163 
-0.109140090644 0.245227888227 0.278278499842 
-0.0809057801962 0.246582672 0.282114714384 
-0.08210449665779999 0.240299493074 0.285197913647 
0.209563136101 0.246603384614 0.266134291887 
0.216275498271 0.254579514265 0.273237884045 
0.21453589201 0.248532086611 0.274958223104 
0.169593960047 0.187804564834 0.186454460025 
0.175479128957 0.261497199535 0.25592315197 
0.187075644732 0.263644397259 0.253947138786 
0.146545499563 0.277249515057 0.250128000975 
0.147331386805 0.285897821188 0.265622705221 
0.16067764163 0.27049896121 0.251802057028 
-0.336934506893 0.302979499102 0.171797990799 
-0.25352448225 0.30287951231 0.171747893095 
-0.262604504824 0.168299496174 0.09404800832269999 
0.219295501709 -0.0252034850419 0.163713395596 
0.0321754775941 -0.0804505124688 0.349468111992 
0.0455955080688 0.0452094599605 0.220097988844 
0.06328549981120001 -0.0777405202389 0.336697995663 
-0.518704473972 -0.0574358068407 0.103920355439 
-0.518704414368 0.12585939467 0.06884796172380001 
-0.518704473972 -0.0464305467904 0.114197991788 
-0.518704414368 0.12585939467 0.06884796172380001 
-0.518707692623 -0.0405759140849 0.0478036105633 
-0.518707036972 0.0357856824994 0.0409925505519 
-0.447456687689 0.203517198563 0.165660098195 
-0.336934506893 0.302979499102 0.171797990799 
-0.568704426289 0.133549496531 0.0749778673053 
-0.447456687689 0.203517198563 0.165660098195 
-0.556704461575 0.102069497108 0.166317895055 
-0.516434490681 0.126109495759 0.194708004594 
0.159717917442 -0.158813491464 -0.0260402392596 
0.139321655035 -0.0165648758411 0.154143467546 
0.139578580856 -0.138005554676 -0.0715065971017 
0.158888548613 0.0524951927364 -0.144825726748 
0.139578580856 -0.138005554676 -0.0715065971017 
0.138839229941 0.0749877691269 -0.134491339326 
0.15923628211 0.09190235286950001 0.128361403942 
0.138839229941 0.0749877691269 -0.134491339326 
0.139245092869 0.08656416088339999 0.124325968325 
0.159789323807 -0.09670896083119999 0.124303475022 
0.1594106704 -0.104455605149 -0.11171836406 
0.199811667204 -0.101868532598 0.128305569291 
0.1594106704 -0.104455605149 -0.11171836406 
0.158758282661 0.125869065523 -0.0933601930737 
0.199313983321 -0.0817768424749 -0.129145354033 
0.199085786939 0.109293408692 0.0701182708144 
0.198782116175 0.120115317404 -0.08950383961199999 
0.158758282661 0.125869065523 -0.0933601930737 
0.199085786939 0.109293408692 0.0701182708144 
0.158758282661 0.125869065523 -0.0933601930737 
0.159089803696 0.107353292406 0.0692268386483 
-0.0434368737042 0.37594139576 0.32078230381 
-0.0526519194245 0.336822777987 0.359893471003 
-0.0192011836916 0.310157477856 0.386604607105 
0.0469571948051 0.318401098251 0.378445267677 
-0.0434368737042 0.37594139576 0.32078230381 
0.0469571948051 0.318401098251 0.378445267677 
0.0564675480127 0.369282513857 0.327568203211 
-0.0434368737042 0.37594139576 0.32078230381 
0.0564675480127 0.369282513857 0.327568203211 
0.00888730492443 0.390240311623 0.306548148394 
-0.0543106049299 0.347686618567 0.346794724464 
-0.0560504123569 0.349522173405 0.331764817238 
-0.0256128683686 0.309363692999 0.378284603357 
-0.0138532631099 0.384516060352 0.303998291492 
0.0590658560395 0.359385758638 0.330983579159 
0.0380259677768 0.380918800831 0.305893540382 
0.0313232429326 0.298005372286 0.391237795353 
-0.0668939203024 0.287685543299 0.32716307044 
0.0709802210331 0.288620591164 0.326403796673 
0.0256481934339 0.397938221693 0.291279286146 
0.0313232429326 0.298005372286 0.391237795353 
0.0709802210331 0.288620591164 0.326403796673 
-0.0478920340538 0.337609857321 0.277259290218 
-0.060690972954 0.37516143918 0.239686891437 
-0.106214873493 0.323358982801 0.291437417269 
-0.0579071752727 0.295094162226 0.319767266512 
-0.0268752668053 0.268556982279 0.346346586943 
-0.0960383415222 0.270569980145 0.344245761633 
-0.0189219564199 0.229230493307 0.385686486959 
0.0278370659798 0.26626059413 0.348714292049 
-0.0189219564199 0.229230493307 0.385686486959 
0.0745609626174 0.247098073363 0.367936700583 
0.0564818941057 0.333847343922 0.281153172255 
0.0639208555222 0.295455783606 0.319560170174 
0.114876247942 0.300879657269 0.31419980526 
0.008976086974140001 0.353148877621 0.261788547039 
0.0896243229508 0.359030753374 0.256007373333 
0.008976086974140001 0.353148877621 0.261788547039 
0.0242846291512 0.385536193848 0.22941558063 
-0.060690972954 0.37516143918 0.239686891437 
-0.108647458255 0.331928700209 0.282871097326 
-0.0749820694327 0.341428756714 0.230176076293 
-0.09501952677970001 0.33941039443 0.244980156422 
-0.108647458255 0.331928700209 0.282871097326 
-0.09501952677970001 0.33941039443 0.244980156422 
-0.114268489182 0.249108731747 0.323492586613 
-0.0216528307647 0.223497316241 0.391419678926 
-0.114268489182 0.249108731747 0.323492586613 
0.08552825450900001 0.23070037365 0.34705260396 
0.120085448027 0.324675291777 0.290415018797 
-0.0216528307647 0.223497316241 0.391419678926 
0.08552825450900001 0.23070037365 0.34705260396 
-0.088586486876 0.336733818054 0.249093607068 
-0.117942593992 0.350485384464 0.235302895308 
-0.144887536764 0.303710341454 0.282049447298 
-0.108988016844 0.301317870617 0.28448843956 
-0.130898997188 0.254207789898 0.331576377153 
0.107586212456 0.221143186092 0.364946573973 
0.152447089553 0.291389763355 0.294749140739 
0.08544021099809999 0.239070117474 0.346989423037 
-0.0749820694327 0.341428756714 0.230176076293 
0.00702545139939 0.391960144043 0.222970575094 
-0.085160523653 0.33170196414 0.196175843477 
-0.08997169137 0.329803526402 0.241785421968 
-0.117942593992 0.343419104815 0.228227093816 
-0.144887506962 0.296655327082 0.274985015392 
-0.106580018997 0.261729389429 0.309926271439 
-0.144887506962 0.296655327082 0.274985015392 
-0.130898997188 0.247141391039 0.324500381947 
0.11408097297 0.286685138941 0.285165995359 
0.08544021099809999 0.231956169009 0.339866161346 
0.152440279722 0.284275501966 0.287625193596 
0.00702545139939 0.391960144043 0.222970575094 
0.120085448027 0.324675291777 0.290415018797 
0.123839110136 0.283636927605 0.244496300817 
-0.00304396008141 0.364964902401 0.201960787177 
-0.061950456351 0.320199400187 0.181747883558 
-0.124004498124 0.35992950201 0.204677894711 
-0.0537859350443 0.0457626320422 0.221112057567 
-0.117942385375 0.0410365276039 0.20060774684 
-0.0547059625387 0.237666010857 0.292607426643 
0.0978155210614 0.310149490833 0.226368010044 
0.101292416453 0.347071677446 0.207767784595 
0.0954156443477 0.313565045595 0.234545886517 
0.137295499444 0.0181794706732 0.19270798564 
0.137295499444 0.0581294558942 0.183847993612 
0.13964676857 0.0148095171899 0.131688520312 
0.139368101954 -0.00504298787564 0.131346464157 
-0.518704533577 -0.00529010174796 0.133294686675 
0.139295503497 -0.06819053739310001 0.114627994597 
0.199949979782 -0.126965597272 0.0592998489738 
0.199136540294 -0.07099441438909999 0.0476213060319 
0.198853030801 -0.0531063638628 0.120985947549 
0.199136540294 -0.07099441438909999 0.0476213060319 
0.199949979782 -0.126965597272 0.0592998489738 
0.199275240302 -0.09079228341579999 -0.0227783769369 
0.199949979782 -0.126965597272 0.0592998489738 
0.19968149066 -0.137354463339 -0.0460993200541 
0.199275240302 -0.09079228341579999 -0.0227783769369 
0.19968149066 -0.137354463339 -0.0460993200541 
0.199345648289 -0.0586231611669 -0.135536760092 
0.199275240302 -0.09079228341579999 -0.0227783769369 
0.199345648289 -0.0586231611669 -0.135536760092 
0.198942139745 0.060290068388 -0.127981215715 
0.19931781292 0.00987880676985 -0.09311398118729999 
0.199264630675 0.07744003087280001 -0.0375031642616 
0.198599740863 0.132777392864 0.00761674856767 
0.199302628636 0.07697917521 0.0168694350868 
0.199302628636 0.07697917521 0.0168694350868 
0.198599740863 0.132777392864 0.00761674856767 
0.198681294918 0.0967611074448 0.0718320459127 
-0.518704473972 0.108849398792 0.120377995074 
-0.518703877926 -0.0432766899467 0.124622702599 
-0.588706254959 0.018226698041 0.0812631696463 
-0.578752815723 -0.028610624373 0.08631789684299999 
-0.568840026855 0.0183778759092 0.0822018012404 
-0.568704426289 0.0319495014846 0.164317891002 
-0.568767607212 0.0176490470767 0.08187400549649999 
-0.567871332169 -0.0246185436845 0.171418830752 
0.102267816663 0.320712268353 0.235148459673 
0.06658824533219999 0.329980313778 0.222568273544 
0.138608664274 0.288863331079 0.268023967743 
0.0495509319007 0.357847601175 0.204629436135 
-0.124004498124 0.35992950201 0.204677894711 
-0.140310183167 0.345360696316 0.228328734636 
-0.114434249699 0.324286580086 0.186867386103 
-0.1840197891 0.290497690439 0.211724624038 
-0.235061332583 0.318972319365 0.180758699775 
-0.07938881218429999 0.261027812958 0.281920492649 
-0.1840197891 0.290497690439 0.211724624038 
-0.114434249699 0.324286580086 0.186867386103 
-0.485858440399 0.191659659147 0.112258546054 
-0.485852509737 -0.04669656232 0.191626161337 
-0.143851831555 0.040417779237 0.193940296769 
0.00329551007599 0.236789494753 0.294847905636 
0.00329549983144 0.0464194901288 0.225557982922 
-0.0259218085557 0.241023078561 0.294518500566 
-0.0259218085557 0.241023078561 0.294518500566 
-0.054204531014 0.238399505615 0.290244787931 
-0.07854472100730001 0.247859269381 0.271325707436 
-0.0259218085557 0.241023078561 0.294518500566 
-0.0535334013402 0.0452967807651 0.220641165972 
-0.054204531014 0.238399505615 0.290244787931 
0.0356147885323 0.243787363172 0.28762191534 
0.0647408217192 0.252112418413 0.279830724001 
0.0455955080688 0.0452094599605 0.220097988844 
0.0647408217192 0.252112418413 0.279830724001 
0.0918048843741 0.252719342709 0.259781837463 
0.120991967618 0.0415998846292 0.184474632144 
0.125965490937 0.251169472933 0.255347907543 
0.120991967618 0.0415998846292 0.184474632144 
0.0918048843741 0.252719342709 0.259781837463 
-0.0248639713973 0.25844502449 0.289308935404 
0.0356147885323 0.243787363172 0.28762191534 
-0.0259218085557 0.241023078561 0.294518500566 
-0.109209671617 0.245364367962 0.278421282768 
-0.188224390149 0.276525765657 0.235798865557 
-0.07854472100730001 0.247859269381 0.271325707436 
-0.188224390149 0.276525765657 0.235798865557 
-0.222327232361 0.273536831141 0.213368490338 
-0.212844446301 0.27536585927 0.204735964537 
0.0356147885323 0.243787363172 0.28762191534 
-0.0248639713973 0.25844502449 0.289308935404 
0.0627810284495 0.259667575359 0.275131523609 
-0.0248639713973 0.25844502449 0.289308935404 
-0.07854472100730001 0.247859269381 0.271325707436 
-0.11458799988 0.319849222898 0.182033166289 
0.0594974979758 0.316679686308 0.180656194687 
0.0627810284495 0.259667575359 0.275131523609 
-0.11458799988 0.319849222898 0.182033166289 
-0.0515621937811 -0.0521946847439 0.431255936623 
0.188608109951 -0.0464063882828 0.40188139677 
0.189945980906 0.06942015141250001 0.407370358706 
-0.222227782011 0.197270661592 0.348477482796 
-0.349782109261 -0.0360414125025 0.361122131348 
-0.0515621937811 -0.0521946847439 0.431255936623 
-0.222227782011 0.197270661592 0.348477482796 
-0.0515621937811 -0.0521946847439 0.431255936623 
-0.017991790548 0.214888304472 0.372697144747 
-0.489759117365 0.145436391234 0.218405619264 
-0.349782109261 -0.0360414125025 0.361122131348 
-0.222227782011 0.197270661592 0.348477482796 
-0.556715846062 0.102074660361 0.16632796824 
-0.558082461357 -0.00130254740361 0.20422424376 
-0.518454134464 0.117519073188 0.193145513535 
0.217543870211 0.064277112484 0.378910243511 
0.189945980906 0.06942015141250001 0.407370358706 
0.189409837127 -0.0237173940986 0.406132102013 
-0.017991790548 0.214888304472 0.372697144747 
0.172009631991 0.195000514388 0.343094408512 
0.126394793391 0.257189899683 0.324201315641 
-0.380599826574 0.231532543898 0.231154546142 
-0.489759117365 0.145436391234 0.218405619264 
-0.222227782011 0.197270661592 0.348477482796 
-0.017991790548 0.214888304472 0.372697144747 
0.130933314562 0.296694099903 0.276726156473 
0.0811312645674 0.309848994017 0.284579515457 
-0.262000977993 0.331899374723 0.216966494918 
-0.017991790548 0.214888304472 0.372697144747 
0.0811312645674 0.309848994017 0.284579515457 
-0.380599826574 0.231532543898 0.231154546142 
-0.222227782011 0.197270661592 0.348477482796 
-0.370434492826 0.251719474792 0.215217888355 
-0.337643325329 0.303147763014 0.171938657761 
-0.33895739913 0.262028038502 0.230457141995 
-0.262000977993 0.331899374723 0.216966494918 
-0.246084496379 0.334239393473 0.189847901464 
-0.337643325329 0.303147763014 0.171938657761 
-0.262000977993 0.331899374723 0.216966494918 
0.0967954993248 -0.0724005028605 0.311567991972 
0.116733320057 0.0623113997281 0.218704521656 
0.127615496516 -0.0646905526519 0.275297999382 
0.159292563796 -0.0439291372895 0.167340993881 
0.219386413693 -0.026068571955 0.180856317282 
0.159295499325 -0.022970540449 0.191907986999 
0.159295499325 -0.0543905310333 0.226838082075 
0.19929549098 -0.0545305199921 0.227518007159 
0.127615496516 -0.0646905526519 0.275297999382 
0.139295399189 -0.0719402953982 0.119895085692 
-0.518703341484 -0.08340590447189999 0.134303465486 
0.139295473695 -0.148705512285 -0.0234987344593 
0.139295130968 0.118351057172 0.0790406391025 
-0.518704473972 -0.00465309852734 0.132145687938 
0.139295503497 -0.00490055093542 0.130227997899 
-0.423894494772 0.196969509125 0.226477995515 
-0.447456687689 0.203517198563 0.165660098195 
-0.486291408539 0.14590331912 0.212106242776 
-0.518704414368 -0.091840557754 -0.0292520094663 
-0.5187106728550001 -0.0942280963063 0.0176319330931 
-0.5887044072149999 -0.0906605571508 -0.0289320386946 
0.122490689158 -0.07866470515729999 0.369616627693 
0.0158311463892 -0.08617950230840001 0.395352840424 
-0.131286457181 -0.0841975361109 0.368326634169 
-0.176334485412 -0.0809104964137 0.373258024454 
-0.173127248883 -0.07377185672519999 0.361058950424 
-0.133571565151 -0.0835006684065 0.377193033695 
-0.0481245070696 -0.0855104923248 0.373237907887 
-0.0148910181597 -0.08036987483499999 0.34900200367 
-0.00619450956583 -0.08586052060130001 0.374897897243 
0.07840548455720001 -0.08509053289890001 0.371298104525 
0.0321821011603 -0.0832037329674 0.362672567368 
0.06328549981120001 -0.0777405202389 0.336697995663 
0.06328549981120001 -0.0777405202389 0.336697995663 
0.08959548920389999 -0.0735405310988 0.316968083382 
0.07840548455720001 -0.08509053289890001 0.371298104525 
-0.209334507585 -0.0755404978991 0.373958021402 
-0.205347076058 -0.0715611279011 0.360559225082 
-0.177232891321 -0.07894042879340001 0.377515107393 
-0.251064479351 -0.0728104785085 0.361217916012 
-0.246323660016 -0.0689910873771 0.348047584295 
-0.208269804716 -0.07745178043839999 0.369707018137 
0.0967954993248 -0.0724005028605 0.311567991972 
0.127615496516 -0.0646905526519 0.275297999382 
0.18529997766 -0.0815283209085 0.354737401009 
-0.242494508624 -0.077330507338 0.334767907858 
-0.159005567431 -0.06576690822840001 0.280173718929 
-0.20217448473 -0.0799504816532 0.347117871046 
-0.281764507294 -0.0742604732513 0.320347994566 
-0.199124500155 -0.0553604885936 0.23143799603 
-0.242494508624 -0.077330507338 0.334767907858 
-0.357104480267 -0.0668405070901 0.285437911749 
-0.204911857843 -0.0532498173416 0.221398919821 
-0.31998449564 -0.0707604959607 0.30388790369 
0.159295499325 -0.0523005276918 0.124887995422 
0.159709900618 -0.0801469758153 0.106535196304 
0.19929549098 -0.0523005276918 0.124887995422 
-0.213904514909 -0.0489025861025 0.201330900192 
-0.358064949512 -0.0669213831425 0.285805732012 
-0.49868324399 -0.0467895492911 0.190897971392 
-0.484454482794 -0.0403904654086 0.24555799365 
-0.475342005491 -0.0404962152243 0.233853444457 
-0.447625726461 -0.0484558083117 0.267175883055 
-0.453614503145 -0.0294104777277 0.279877871275 
-0.446848511696 -0.0362540632486 0.268730312586 
-0.412913352251 -0.039104308933 0.302813112736 
-0.48857447505 -0.023720510304 0.254427999258 
-0.48121714592 -0.0306850038469 0.243560865521 
-0.452312916517 -0.0334026329219 0.277206420898 
0.21929551661 -0.0229729451239 0.191907569766 
0.219296380877 -0.0292373653501 0.231847330928 
0.159295514226 -0.0229744333774 0.191907346249 
0.219295501709 -0.0219605304301 0.364457994699 
0.219295501709 -0.0616180971265 0.360395163298 
0.219295501709 -0.0319333598018 0.231154099107 
-0.521784484386 -0.0175905209035 0.227338001132 
-0.513861060143 -0.0247339997441 0.216801226139 
-0.47427931428 -0.0152679439634 0.237790212035 
0.219295501709 0.0511994883418 0.339518010616 
0.219295471907 -0.0255744159222 0.183074817061 
0.127615496516 -0.0646905526519 0.275297999382 
0.128625497222 0.0165794398636 0.192777991295 
0.167704999447 -0.0349402986467 0.203063651919 
-0.00682451017201 -0.08120053261519999 0.352977961302 
0.00329549983144 0.0464194901288 0.225557982922 
0.0321754775941 -0.0804505124688 0.349468111992 
-0.0290602110326 -0.0818011462688 0.350735455751 
-0.145960837603 -0.06714904308319999 0.303266584873 
-0.149181589484 0.0408676154912 0.196919247508 
0.06328549981120001 -0.0777405202389 0.336697995663 
0.0455955080688 0.0452094599605 0.220097988844 
0.09684845060110001 -0.0723080411553 0.311656802893 
0.219295501709 0.00598756782711 0.359187066555 
0.219295501709 -0.0247182603925 0.194764748216 
0.219295501709 0.060789976269 0.358994603157 
0.239295497537 0.0345994196832 0.07984801381830001 
-0.518704414368 0.07303944230080001 -0.0509519986808 
-0.588724911213 0.0785471796989 -0.0529274456203 
-0.5187095999719999 0.0870395451784 -0.009020325727760001 
0.219295501709 0.0860623791814 0.122817628086 
0.19929549098 0.085384234786 0.121957145631 
0.219295501709 0.0853811278939 0.121956653893 
0.199295520782 0.0910502225161 0.0746525377035 
-0.48585447669 0.128919392824 0.142667993903 
-0.48585447669 0.104019492865 0.161777988076 
-0.519177258015 0.0979452505708 0.128082275391 
-0.518704354763 0.126357883215 0.06790378689770001 
-0.518704473972 -0.0539705269039 0.105577997863 
-0.518704652786 -0.06826877593989999 0.0542201511562 
0.190048485994 0.146044716239 0.352664589882 
0.221803501248 0.212377995253 0.294732540846 
0.192528694868 0.19636619091 0.349542915821 
0.219295501709 0.11743940413 0.199407994747 
0.219295501709 0.150407344103 0.176098406315 
0.190048485994 0.146044716239 0.352664589882 
0.0455955080688 0.0452094599605 0.220097988844 
0.00329549983144 0.0464194901288 0.225557982922 
0.0361555106938 0.237719491124 0.29229798913 
0.153005495667 0.248099491 0.227257996798 
0.177619248629 0.165740281343 0.160391151905 
0.159305498004 0.142519399524 0.18087798357 
0.128625497222 0.0596094503999 0.18323789537 
0.125965490937 0.251169472933 0.255347907543 
0.153435498476 0.0913394615054 0.168577998877 
0.212272331119 0.252618402243 0.285907715559 
0.21032550931 0.254649490118 0.293197900057 
0.21578001976 0.225684195757 0.312994688749 
0.213704526424 0.255690217018 0.286160767078 
0.210402220488 0.257797002792 0.284545868635 
0.199997708201 0.257378071547 0.298898547888 
0.207088649273 0.258758246899 0.282515108585 
0.2011372298 0.247686758637 0.267482608557 
0.201111316681 0.25895357132 0.287830621004 
0.16067764163 0.27049896121 0.251802057028 
0.147331386805 0.285897821188 0.265622705221 
0.158731147647 0.272202759981 0.272852867842 
-0.246184691787 0.299466192722 0.181762456894 
-0.235010296106 0.282963871956 0.194238007069 
-0.266475737095 0.141594082117 0.13574463129 
-0.48585447669 0.168299496174 0.0940478593111 
-0.336934506893 0.302979499102 0.171797990799 
-0.262604504824 0.168299496174 0.09404800832269999 
0.0978155210614 0.310149490833 0.226368010044 
0.0517578125 0.288053274155 0.208111256361 
0.0563348382711 0.346348255873 0.203876942396 
0.159717917442 -0.158813491464 -0.0260402392596 
0.15921792388 -0.0123281823471 0.139224112034 
0.139321655035 -0.0165648758411 0.154143467546 
0.158888548613 0.0524951927364 -0.144825726748 
0.159717917442 -0.158813491464 -0.0260402392596 
0.139578580856 -0.138005554676 -0.0715065971017 
0.158888548613 0.0524951927364 -0.144825726748 
0.138839229941 0.0749877691269 -0.134491339326 
0.15923628211 0.09190235286950001 0.128361403942 
0.199313983321 -0.0817768424749 -0.129145354033 
0.199811667204 -0.101868532598 0.128305569291 
0.1594106704 -0.104455605149 -0.11171836406 
0.198782116175 0.120115317404 -0.08950383961199999 
0.199313983321 -0.0817768424749 -0.129145354033 
0.158758282661 0.125869065523 -0.0933601930737 
-0.0543106049299 0.347686618567 0.346794724464 
-0.0138532631099 0.384516060352 0.303998291492 
-0.0560504123569 0.349522173405 0.331764817238 
0.0542588792741 0.323979496956 0.365724772215 
-0.0256128683686 0.309363692999 0.378284603357 
0.00958720222116 0.29936298728 0.384793996811 
-0.0616882294416 0.33438962698 0.354721665382 
0.0256481934339 0.397938221693 0.291279286146 
-0.0668939203024 0.287685543299 0.32716307044 
0.0313232429326 0.298005372286 0.391237795353 
-0.0616882294416 0.33438962698 0.354721665382 
-0.0668939203024 0.287685543299 0.32716307044 
0.00721313478425 0.356466054916 0.258474111557 
0.0256481934339 0.397938221693 0.291279286146 
0.0709802210331 0.288620591164 0.326403796673 
-0.0668939203024 0.287685543299 0.32716307044 
0.0256481934339 0.397938221693 0.291279286146 
0.00721313478425 0.356466054916 0.258474111557 
-0.0960383415222 0.270569980145 0.344245761633 
-0.0268752668053 0.268556982279 0.346346586943 
0.0278370659798 0.26626059413 0.348714292049 
-0.0268752668053 0.268556982279 0.346346586943 
-0.0189219564199 0.229230493307 0.385686486959 
0.0639208555222 0.295455783606 0.319560170174 
0.0278370659798 0.26626059413 0.348714292049 
0.0745609626174 0.247098073363 0.367936700583 
0.114876247942 0.300879657269 0.31419980526 
0.0639208555222 0.295455783606 0.319560170174 
0.0745609626174 0.247098073363 0.367936700583 
0.0242846291512 0.385536193848 0.22941558063 
-0.0478920340538 0.337609857321 0.277259290218 
-0.0216528307647 0.223497316241 0.391419678926 
-0.108647458255 0.331928700209 0.282871097326 
-0.114268489182 0.249108731747 0.323492586613 
0.09636550396680001 0.294389665127 0.286004245281 
0.120085448027 0.324675291777 0.290415018797 
0.08552825450900001 0.23070037365 0.34705260396 
-0.0749820694327 0.341428756714 0.230176076293 
-0.108647458255 0.331928700209 0.282871097326 
0.00702545139939 0.391960144043 0.222970575094 
-0.088586486876 0.336733818054 0.249093607068 
-0.144887536764 0.303710341454 0.282049447298 
-0.0983965247869 0.263836503029 0.321987599134 
-0.108988016844 0.301317870617 0.28448843956 
-0.130898997188 0.254207789898 0.331576377153 
0.11408097297 0.293799877167 0.292290121317 
-0.106580018997 0.261729389429 0.309926271439 
-0.08997169137 0.329803526402 0.241785421968 
-0.144887506962 0.296655327082 0.274985015392 
0.152440279722 0.284275501966 0.287625193596 
0.08544021099809999 0.231956169009 0.339866161346 
0.107581451535 0.214032277465 0.357819974422 
0.120085448027 0.324675291777 0.290415018797 
0.09636550396680001 0.294389665127 0.286004245281 
0.123839110136 0.283636927605 0.244496300817 
-0.085160523653 0.33170196414 0.196175843477 
0.00702545139939 0.391960144043 0.222970575094 
0.123839110136 0.283636927605 0.244496300817 
3 166 168 167 
3 394 459 45 
3 459 480 417 
3 201 601 168 
3 45 201 312 
3 601 201 45 
3 459 604 45 
3 604 601 45 
3 162 163 414 
3 403 162 414 
3 162 403 330 
3 168 191 167 
3 622 191 168 
3 601 113 168 
3 205 45 312 
3 205 394 45 
3 480 434 417 
3 434 480 350 
3 434 404 417 
3 394 764 459 
3 764 480 459 
3 480 764 350 
3 74 764 207 
3 764 331 350 
3 227 756 49 
3 308 175 307 
3 331 345 350 
3 345 331 307 
3 345 734 350 
3 734 434 350 
3 734 732 404 
3 434 734 404 
3 403 329 330 
3 732 733 404 
3 733 403 404 
3 733 329 403 
3 329 733 330 
3 733 162 330 
3 733 175 162 
3 175 733 307 
3 734 733 732 
3 733 345 307 
3 733 734 345 
3 589 622 168 
3 113 589 168 
3 589 191 622 
3 627 93 312 
3 93 627 47 
3 93 205 312 
3 98 667 49 
3 667 98 166 
3 379 48 756 
3 756 48 49 
3 382 205 207 
3 205 382 394 
3 764 382 207 
3 382 764 394 
3 673 166 167 
3 497 379 756 
3 323 201 168 
3 199 323 168 
3 166 580 168 
3 580 199 168 
3 199 580 166 
3 266 265 163 
3 227 266 163 
3 265 266 167 
3 266 646 167 
3 589 399 191 
3 399 589 113 
3 46 93 47 
3 93 46 205 
3 46 47 207 
3 205 46 207 
3 511 323 199 
3 627 211 47 
3 48 211 627 
3 211 48 379 
3 669 275 49 
3 669 667 167 
3 275 669 167 
3 256 646 49 
3 275 256 49 
3 646 256 167 
3 256 275 167 
3 667 670 167 
3 670 673 167 
3 673 670 667 
3 682 667 166 
3 673 682 166 
3 682 673 667 
3 387 211 379 
3 227 226 756 
3 226 203 756 
3 492 497 756 
3 203 492 756 
3 633 266 227 
3 633 227 49 
3 399 400 191 
3 400 403 414 
3 400 399 403 
3 163 400 414 
3 265 400 163 
3 400 265 167 
3 191 400 167 
3 192 113 601 
3 192 399 113 
3 604 192 601 
3 192 459 417 
3 192 604 459 
3 514 199 166 
3 514 511 199 
3 98 514 166 
3 511 514 98 
3 224 511 98 
3 224 98 49 
3 48 224 49 
3 224 48 627 
3 201 90 312 
3 90 511 312 
3 323 90 201 
3 511 90 323 
3 667 287 49 
3 287 669 49 
3 669 287 667 
3 497 391 379 
3 391 387 379 
3 211 391 47 
3 387 391 211 
3 331 702 307 
3 764 702 331 
3 702 764 74 
3 267 227 163 
3 267 226 227 
3 226 267 203 
3 680 492 203 
3 309 680 308 
3 680 309 497 
3 492 680 497 
3 267 680 203 
3 633 645 266 
3 405 192 417 
3 399 405 403 
3 95 224 627 
3 95 627 312 
3 511 95 312 
3 309 60 497 
3 60 391 497 
3 391 60 309 
3 62 702 74 
3 702 498 309 
3 498 391 309 
3 62 498 702 
3 498 62 74 
3 498 74 207 
3 47 498 207 
3 391 498 47 
3 162 585 163 
3 585 267 163 
3 290 585 162 
3 267 585 290 
3 177 267 290 
3 177 680 267 
3 680 177 308 
3 177 175 308 
3 175 177 162 
3 177 290 162 
3 266 643 646 
3 645 643 266 
3 631 633 49 
3 631 645 633 
3 631 643 645 
3 192 408 399 
3 408 405 399 
3 405 408 192 
3 404 407 417 
3 407 405 417 
3 403 407 404 
3 405 407 403 
3 224 94 511 
3 94 95 511 
3 95 94 224 
3 648 631 49 
3 631 648 643 
3 646 648 49 
3 643 648 646 
3 702 309 308 
3 702 308 307 
Vertices and facets:
- p166(v19): -0.56 -0.0013   0.2
  neighbors: f67 f247 f264 f277 f279 f331 f332 f379 f381
- p168(v8): -0.49  0.15  0.22
  neighbors: f67 f81 f126 f127 f133 f232 f233 f275 f276 f277 f278
- p167(v5): -0.35 -0.036  0.36
  neighbors: f67 f126 f264 f283 f284 f322 f323 f326 f327 f328 f329 f371 f372
- p394(v20):  0.16  0.13 -0.093
  neighbors: f70 f148 f169 f257 f259
- p459(v11): 0.007  0.39  0.22
  neighbors: f70 f75 f86 f169 f170 f377 f378
- p45(v6): -0.52  0.12 -0.072
  neighbors: f70 f84 f85 f86 f87 f144 f148
- p480(v21):   0.1  0.35  0.21
  neighbors: f75 f159 f160 f170 f171
- p417(v2): 0.026   0.4  0.29
  neighbors: f75 f159 f161 f377 f427 f470 f471
- p201(v23): -0.57  0.13 0.075
  neighbors: f81 f84 f85 f275 f388 f390
- p601(v13): -0.34   0.3  0.17
  neighbors: f81 f85 f87 f133 f373 f375
- p312(v0): -0.59 0.079 -0.053
  neighbors: f84 f144 f241 f243 f388 f389 f434 f435
- p604(v24): -0.25  0.33  0.19
  neighbors: f86 f87 f375 f378
- p162(v29):  0.19 0.069  0.41
  neighbors: f110 f120 f121 f226 f227 f449 f451 f457 f458
- p163(v14): -0.052 -0.052  0.43
  neighbors: f110 f280 f281 f369 f370 f409 f449 f450
- p414(v9): 0.031   0.3  0.39
  neighbors: f110 f120 f367 f369
- p403(v31): 0.047  0.32  0.38
  neighbors: f120 f121 f220 f223 f224 f367 f368 f431 f472 f473
- p330(v15):  0.19   0.2  0.35
  neighbors: f121 f220 f225 f226
- p191(v32): -0.22   0.2  0.35
  neighbors: f126 f127 f234 f296 f366 f372
- p622(v17): -0.42   0.2  0.23
  neighbors: f127 f232 f234
- p113(v33): -0.37  0.25  0.22
  neighbors: f133 f233 f297 f373 f374
- p205(v35): -0.52 0.052 -0.14
  neighbors: f144 f148 f243 f256 f257 f306 f308
- p434(v38):  0.09  0.36  0.26
  neighbors: f159 f160 f161 f216 f218
- p350(v7):  0.22  0.25  0.27
  neighbors: f160 f171 f175 f209 f215 f216
- p404(v16): 0.056  0.37  0.33
  neighbors: f161 f217 f218 f222 f223 f470 f472
- p764(v40):   0.2  0.12 -0.09
  neighbors: f169 f170 f171 f173 f175 f258 f259 f405 f406
- p74(v37):   0.2  0.06 -0.13
  neighbors: f173 f406 f440 f445 f446
- p207(v3):  0.14 0.039 -0.16
  neighbors: f173 f256 f258 f307 f308 f446 f447
- p331(v22):  0.22  0.24  0.26
  neighbors: f175 f209 f210 f403 f405
- p227(v44): 0.016 -0.086   0.4
  neighbors: f195 f281 f347 f362 f363 f409 f410
- p756(v26):  0.16 -0.16 -0.026
  neighbors: f195 f253 f254 f268 f347 f348 f352 f353
- p49(v10): -0.52 -0.13 0.059
  neighbors: f195 f246 f254 f321 f324 f325 f363 f385 f386 f392 f393 f463 f477 f479
- p175(v45):  0.22 0.064  0.38
  neighbors: f200 f227 f228 f456 f457
- p308(v28):  0.24 0.051  0.34
  neighbors: f200 f417 f455 f456 f481 f482
- p307(v1):  0.24  0.09  0.33
  neighbors: f200 f210 f228 f230 f403 f482
- p345(v47):  0.22  0.25  0.28
  neighbors: f209 f210 f215 f230 f231
- p734(v48):  0.21  0.26  0.29
  neighbors: f215 f216 f217 f218 f229 f231
- p732(v30):  0.21  0.25  0.29
  neighbors: f217 f222 f229
- p329(v49):  0.19  0.24  0.33
  neighbors: f220 f224 f225
- p733(v50):  0.22  0.23  0.31
  neighbors: f222 f223 f224 f225 f226 f227 f228 f229 f230 f231
- p589(v51): -0.38  0.23  0.23
  neighbors: f232 f233 f234 f296 f297
- p93(v53): -0.59 -0.0049 -0.067
  neighbors: f241 f242 f243 f305 f306
- p627(v34): -0.59 -0.091 -0.029
  neighbors: f241 f242 f316 f317 f387 f432 f434
- p47(v18): -0.52 -0.054 -0.13
  neighbors: f242 f305 f307 f316 f401 f447 f448
- p98(v54): -0.57 -0.025  0.17
  neighbors: f246 f247 f381 f382 f384 f385
- p667(v36): -0.48 -0.04  0.25
  neighbors: f246 f247 f322 f328 f330 f331 f333 f392 f394
- p48(v55): -0.52 -0.13 -0.072
  neighbors: f253 f254 f317 f319 f386 f387
- p379(v43):  0.14 -0.14 -0.072
  neighbors: f253 f268 f319 f346 f398 f399
- p382(v56):  0.14 0.075 -0.13
  neighbors: f256 f257 f258 f259
- p673(v58): -0.49 -0.024  0.25
  neighbors: f264 f329 f330 f332 f333
- p497(v59):   0.2 -0.14 -0.046
  neighbors: f268 f352 f398 f418 f419 f436 f437
- p323(v60): -0.57  0.11  0.12
  neighbors: f275 f276 f311 f390 f391
- p199(v41): -0.57   0.1  0.14
  neighbors: f276 f278 f279 f311 f379 f380
- p580(v61): -0.56   0.1  0.17
  neighbors: f277 f278 f279
- p266(v62): -0.14 -0.067  0.41
  neighbors: f280 f281 f283 f284 f362 f424 f459 f460
- p265(v25): -0.14 -0.059  0.42
  neighbors: f280 f283 f370 f371
- p646(v42): -0.25 -0.073  0.36
  neighbors: f284 f324 f326 f459 f479 f480
- p399(v65): -0.053  0.34  0.36
  neighbors: f296 f297 f366 f368 f374 f431 f467 f468
- p46(v66): -0.52 0.028 -0.14
  neighbors: f305 f306 f307 f308
- p511(v67): -0.59 0.018 0.081
  neighbors: f311 f380 f382 f384 f389 f391 f435 f474 f475
- p211(v68): -0.52 -0.12 -0.092
  neighbors: f316 f317 f319 f346 f401 f402
- p669(v69): -0.45 -0.048  0.27
  neighbors: f321 f322 f323 f393 f394
- p275(v57):  -0.4 -0.061  0.28
  neighbors: f321 f323 f325 f327
- p256(v70): -0.36 -0.066   0.3
  neighbors: f324 f325 f326 f327
- p670(v71): -0.45 -0.029  0.28
  neighbors: f328 f329 f330
- p682(v72): -0.52 -0.018  0.23
  neighbors: f331 f332 f333
- p387(v74):  0.16  -0.1 -0.11
  neighbors: f346 f399 f402
- p226(v75):  0.17 -0.082  0.38
  neighbors: f347 f348 f410 f413
- p203(v63):   0.2 -0.08  0.35
  neighbors: f348 f353 f413 f416 f420
- p492(v76):   0.2 -0.13 0.059
  neighbors: f352 f353 f416 f419
- p633(v78): -0.13 -0.084  0.38
  neighbors: f362 f363 f424 f463 f464
- p400(v79): -0.019  0.31  0.39
  neighbors: f366 f367 f368 f369 f370 f371 f372
- p192(v80): -0.26  0.33  0.22
  neighbors: f373 f374 f375 f377 f378 f427 f467 f469
- p514(v81): -0.57 0.032  0.16
  neighbors: f379 f380 f381 f382
- p224(v82): -0.59 -0.092 0.017
  neighbors: f384 f385 f386 f387 f432 f474 f476
- p90(v83): -0.59 0.054 0.0099
  neighbors: f388 f389 f390 f391
- p287(v84): -0.48 -0.047  0.24
  neighbors: f392 f393 f394
- p391(v85):   0.2 -0.082 -0.13
  neighbors: f398 f399 f401 f402 f437 f438 f443 f448
- p702(v86):  0.24 0.035  0.08
  neighbors: f403 f405 f406 f440 f442 f444 f481 f482
- p267(v87):   0.2 -0.06   0.4
  neighbors: f409 f410 f413 f420 f450 f452 f453 f454
- p680(v88):  0.22 -0.062  0.36
  neighbors: f416 f417 f418 f419 f420 f454 f455
- p309(v73):  0.24 -0.0045 0.089
  neighbors: f417 f418 f436 f438 f442 f443 f481
- p645(v89): -0.18 -0.079  0.38
  neighbors: f424 f460 f464 f466
- p405(v90): -0.043  0.38  0.32
  neighbors: f427 f431 f468 f469 f471 f473
- p95(v91): -0.59 -0.063 0.018
  neighbors: f432 f434 f435 f475 f476
- p60(v92):  0.21 -0.08 -0.053
  neighbors: f436 f437 f438
- p62(v93):  0.21 0.043 -0.08
  neighbors: f440 f444 f445
- p498(v94):   0.2 -0.059 -0.14
  neighbors: f442 f443 f444 f445 f446 f447 f448
- p585(v95):  0.19 -0.024  0.41
  neighbors: f449 f450 f451 f452
- p290(v77):   0.2 -0.023   0.4
  neighbors: f451 f452 f453 f458
- p177(v96):  0.22 -0.023  0.38
  neighbors: f453 f454 f455 f456 f457 f458
- p643(v97): -0.21 -0.076  0.37
  neighbors: f459 f460 f466 f478 f480
- p631(v98): -0.18 -0.081  0.37
  neighbors: f463 f464 f466 f477 f478
- p408(v99): -0.054  0.35  0.35
  neighbors: f467 f468 f469
- p407(v100): 0.0089  0.39  0.31
  neighbors: f470 f471 f472 f473
- p94(v101): -0.59 -0.028  0.05
  neighbors: f474 f475 f476
- p648(v102): -0.21 -0.077  0.37
  neighbors: f477 f478 f479 f480
- f67
    - flags: top simplicial
    - normal:   -0.5706   0.1884   0.7993
    - offset: -0.4814467
    - vertices: p166(v19) p168(v8) p167(v5)
    - neighboring facets: f126 f264 f277
- f70
    - flags: top simplicial
    - normal:  -0.02763   0.7584  -0.6512
    - offset: -0.1518687
    - vertices: p394(v20) p459(v11) p45(v6)
    - neighboring facets: f86 f148 f169
- f75
    - flags: bottom simplicial
    - normal:    0.3976   0.8983   -0.187
    - offset: -0.3131934
    - vertices: p480(v21) p459(v11) p417(v2)
    - neighboring facets: f377 f159 f170
- f81
    - flags: top simplicial
    - normal:   -0.6427   0.7069   0.2952
    - offset:  -0.482076
    - vertices: p201(v23) p601(v13) p168(v8)
    - neighboring facets: f133 f275 f85
- f84
    - flags: bottom simplicial
    - normal:   -0.5408   0.8001  -0.2594
    - offset: -0.3949754
    - vertices: p201(v23) p45(v6) p312(v0)
    - neighboring facets: f144 f388 f85
- f85
    - flags: bottom simplicial
    - normal:    -0.503   0.8276  -0.2491
    - offset: -0.3778883
    - vertices: p201(v23) p601(v13) p45(v6)
    - neighboring facets: f87 f84 f81
- f86
    - flags: bottom simplicial
    - normal:   -0.1152   0.8236  -0.5553
    - offset:  -0.198209
    - vertices: p604(v24) p459(v11) p45(v6)
    - neighboring facets: f70 f87 f378
- f87
    - flags: top simplicial
    - normal:   -0.1907   0.8472  -0.4959
    - offset: -0.2359518
    - vertices: p604(v24) p601(v13) p45(v6)
    - neighboring facets: f85 f86 f375
- f110
    - flags: top simplicial
    - normal:   0.04666   0.1025   0.9936
    - offset: -0.4207565
    - vertices: p162(v29) p163(v14) p414(v9)
    - neighboring facets: f369 f120 f449
- f120
    - flags: top simplicial
    - normal:    0.3399   0.2988   0.8917
    - offset: -0.4485707
    - vertices: p403(v31) p162(v29) p414(v9)
    - neighboring facets: f110 f367 f121
- f121
    - flags: bottom simplicial
    - normal:    0.4625   0.3597   0.8104
    - offset: -0.4429406
    - vertices: p403(v31) p162(v29) p330(v15)
    - neighboring facets: f226 f220 f120
- f126
    - flags: bottom simplicial
    - normal:   -0.4635   0.2986   0.8343
    - offset: -0.4526313
    - vertices: p191(v32) p168(v8) p167(v5)
    - neighboring facets: f67 f372 f127
- f127
    - flags: bottom simplicial
    - normal:   -0.4582   0.4671   0.7562
    - offset:  -0.457495
    - vertices: p191(v32) p622(v17) p168(v8)
    - neighboring facets: f232 f126 f234
- f133
    - flags: bottom simplicial
    - normal:   -0.6375   0.7059   0.3089
    - offset:  -0.482323
    - vertices: p113(v33) p601(v13) p168(v8)
    - neighboring facets: f81 f233 f373
- f144
    - flags: top simplicial
    - normal:   -0.5208   0.6145  -0.5926
    - offset: -0.3862275
    - vertices: p205(v35) p45(v6) p312(v0)
    - neighboring facets: f84 f243 f148
- f148
    - flags: top simplicial
    - normal:  -0.02865   0.7196  -0.6938
    - offset: -0.1507993
    - vertices: p205(v35) p394(v20) p45(v6)
    - neighboring facets: f70 f144 f257
- f159
    - flags: bottom simplicial
    - normal:    0.4754   0.8739  -0.1017
    - offset:  -0.330332
    - vertices: p434(v38) p480(v21) p417(v2)
    - neighboring facets: f75 f161 f160
- f160
    - flags: top simplicial
    - normal:    0.6388   0.7686 -0.03604
    - offset: -0.3239619
    - vertices: p434(v38) p480(v21) p350(v7)
    - neighboring facets: f171 f216 f159
- f161
    - flags: top simplicial
    - normal:    0.5728   0.8059   0.1499
    - offset: -0.3790568
    - vertices: p434(v38) p404(v16) p417(v2)
    - neighboring facets: f470 f159 f218
- f169
    - flags: bottom simplicial
    - normal:    0.1704   0.7928  -0.5852
    - offset: -0.1814678
    - vertices: p764(v40) p394(v20) p459(v11)
    - neighboring facets: f70 f170 f259
- f170
    - flags: top simplicial
    - normal:    0.2994   0.8032   -0.515
    - offset: -0.2020882
    - vertices: p764(v40) p480(v21) p459(v11)
    - neighboring facets: f75 f169 f171
- f171
    - flags: bottom simplicial
    - normal:    0.6934   0.6641  -0.2796
    - offset:  -0.242629
    - vertices: p764(v40) p480(v21) p350(v7)
    - neighboring facets: f160 f175 f170
- f173
    - flags: bottom simplicial
    - normal:    0.2468   0.5247  -0.8148
    - offset: -0.1849979
    - center: 0.1790061990423333 0.07329698155316665 -0.1256431639193334 
    - vertices: p764(v40) p74(v37) p207(v3)
    - neighboring facets: f446 f258 f406
- f175
    - flags: top simplicial
    - normal:    0.9525   0.2677  -0.1452
    - offset: -0.2344872
    - center: 0.2114510387183333 0.2046847715973333 0.1495740165313333 
    - vertices: p764(v40) p331(v22) p350(v7)
    - neighboring facets: f209 f171 f405
- f195
    - flags: top simplicial
    - normal:  -0.02162  -0.9864   0.1626
    - offset: -0.1489726
    - vertices: p227(v44) p756(v26) p49(v10)
    - neighboring facets: f254 f363 f347
- f200
    - flags: bottom simplicial seen
    - normal:    0.8847   0.1009    0.455
    - offset: -0.3713726
    - center: 0.2320449550949999 0.06857534994683333 0.3497620820996667 
    - vertices: p175(v45) p308(v28) p307(v1)
    - neighboring facets: f482 f228 f456
    - ridges:
- f209
    - flags: bottom simplicial
    - normal:    0.9622   0.2498  -0.1087
    - offset: -0.2419932
    - vertices: p345(v47) p331(v22) p350(v7)
    - neighboring facets: f175 f215 f210
- f210
    - flags: top simplicial
    - normal:    0.9921   0.1242 -0.02016
    - offset: -0.2419317
    - center: 0.2257121652366667 0.1922694742679 0.2907379964986667 
    - vertices: p345(v47) p331(v22) p307(v1)
    - neighboring facets: f403 f230 f209
- f215
    - flags: bottom simplicial
    - normal:    0.9242   0.3495   0.1538
    - offset: -0.3308976
    - vertices: p734(v48) p345(v47) p350(v7)
    - neighboring facets: f209 f216 f231
- f216
    - flags: top simplicial
    - normal:    0.6304   0.7741  0.05888
    - offset: -0.3494815
    - vertices: p734(v48) p434(v38) p350(v7)
    - neighboring facets: f160 f215 f218
- f217
    - flags: top simplicial
    - normal:    0.6043   0.6933   0.3927
    - offset: -0.4187745
    - vertices: p734(v48) p732(v30) p404(v16)
    - neighboring facets: f222 f218 f229
- f218
    - flags: bottom simplicial
    - normal:    0.6061   0.7771   0.1695
    - offset: -0.3767266
    - vertices: p734(v48) p434(v38) p404(v16)
    - neighboring facets: f161 f217 f216
- f220
    - flags: bottom simplicial
    - normal:    0.5286   0.4619   0.7122
    - offset: -0.4414192
    - vertices: p329(v49) p403(v31) p330(v15)
    - neighboring facets: f121 f225 f224
- f222
    - flags: bottom simplicial
    - normal:    0.5457   0.5405   0.6404
    - offset:  -0.440166
    - vertices: p733(v50) p732(v30) p404(v16)
    - neighboring facets: f217 f223 f229
- f223
    - flags: top simplicial
    - normal:    0.5451   0.5396   0.6416
    - offset: -0.4402276
    - vertices: p733(v50) p403(v31) p404(v16)
    - neighboring facets: f472 f222 f224
- f224
    - flags: top simplicial
    - normal:    0.5337   0.4806   0.6959
    - offset: -0.4414183
    - vertices: p733(v50) p329(v49) p403(v31)
    - neighboring facets: f220 f223 f225
- f225
    - flags: bottom simplicial
    - normal:    0.5336   0.4609   0.7091
    - offset: -0.4411066
    - vertices: p733(v50) p329(v49) p330(v15)
    - neighboring facets: f220 f226 f224
- f226
    - flags: top simplicial
    - normal:    0.6845   0.2906   0.6686
    - offset: -0.4225557
    - vertices: p733(v50) p162(v29) p330(v15)
    - neighboring facets: f121 f225 f227
- f227
    - flags: top simplicial
    - normal:     0.715    0.271   0.6444
    - offset: -0.4171488
    - vertices: p733(v50) p175(v45) p162(v29)
    - neighboring facets: f457 f226 f228
- f228
    - flags: bottom simplicial
    - normal:    0.8423   0.2116   0.4957
    - offset: -0.3846641
    - vertices: p733(v50) p175(v45) p307(v1)
    - neighboring facets: f200 f230 f227
- f229
    - flags: bottom simplicial
    - normal:    0.7786   0.4474     0.44
    - offset: -0.4066991
    - vertices: p733(v50) p734(v48) p732(v30)
    - neighboring facets: f217 f222 f231
- f230
    - flags: top simplicial
    - normal:    0.9638   0.1918   0.1854
    - offset: -0.3092841
    - vertices: p733(v50) p345(v47) p307(v1)
    - neighboring facets: f210 f228 f231
- f231
    - flags: top simplicial
    - normal:    0.9354   0.2694   0.2289
    - offset: -0.3342787
    - vertices: p733(v50) p734(v48) p345(v47)
    - neighboring facets: f215 f230 f229
- f232
    - flags: top simplicial
    - normal:   -0.5259   0.5738   0.6278
    - offset: -0.4781421
    - vertices: p589(v51) p622(v17) p168(v8)
    - neighboring facets: f127 f233 f234
- f233
    - flags: bottom simplicial
    - normal:    -0.549   0.6118   0.5695
    - offset: -0.4822428
    - vertices: p589(v51) p113(v33) p168(v8)
    - neighboring facets: f133 f232 f297
- f234
    - flags: top simplicial
    - normal:   -0.4572   0.4706   0.7546
    - offset: -0.4574181
    - vertices: p589(v51) p191(v32) p622(v17)
    - neighboring facets: f127 f232 f296
- f241
    - flags: bottom simplicial
    - normal:        -1 -0.0001778 -0.0003991
    - offset:  -0.588732
    - vertices: p93(v53) p627(v34) p312(v0)
    - neighboring facets: f434 f243 f242
- f242
    - flags: top simplicial
    - normal:   -0.7564   -0.267  -0.5971
    - offset: -0.4867683
    - vertices: p93(v53) p627(v34) p47(v18)
    - neighboring facets: f316 f305 f241
- f243
    - flags: top simplicial
    - normal:   -0.7638   0.1092  -0.6361
    - offset: -0.4919308
    - vertices: p93(v53) p205(v35) p312(v0)
    - neighboring facets: f144 f241 f306
- f246
    - flags: top simplicial
    - normal:   -0.5314  -0.7212   0.4444
    - offset:  -0.395688
    - vertices: p98(v54) p667(v36) p49(v10)
    - neighboring facets: f392 f385 f247
- f247
    - flags: bottom simplicial
    - normal:   -0.6114  -0.5474   0.5715
    - offset: -0.4586342
    - vertices: p98(v54) p667(v36) p166(v19)
    - neighboring facets: f331 f381 f246
- f253
    - flags: bottom simplicial
    - normal:  -0.01152  -0.9112  -0.4119
    - offset: -0.1535909
    - vertices: p48(v55) p379(v43) p756(v26)
    - neighboring facets: f268 f254 f319
- f254
    - flags: bottom simplicial
    - normal:  -0.04289  -0.9991 -0.001896
    - offset: -0.1518658
    - vertices: p48(v55) p756(v26) p49(v10)
    - neighboring facets: f195 f386 f253
- f256
    - flags: top simplicial
    - normal:  -0.01097   0.5749  -0.8181
    - offset: -0.1516217
    - vertices: p382(v56) p205(v35) p207(v3)
    - neighboring facets: f308 f258 f257
- f257
    - flags: bottom simplicial
    - normal:  -0.01337   0.6318   -0.775
    - offset: -0.1497551
    - vertices: p382(v56) p205(v35) p394(v20)
    - neighboring facets: f148 f259 f256
- f258
    - flags: bottom simplicial
    - normal:    0.1763   0.5675  -0.8042
    - offset: -0.1752037
    - vertices: p382(v56) p764(v40) p207(v3)
    - neighboring facets: f173 f256 f259
- f259
    - flags: top simplicial
    - normal:    0.1605   0.5818  -0.7974
    - offset: -0.1731432
    - vertices: p382(v56) p764(v40) p394(v20)
    - neighboring facets: f169 f257 f258
- f264
    - flags: top simplicial
    - normal:   -0.6107  -0.1544   0.7766
    - offset: -0.4996508
    - vertices: p673(v58) p166(v19) p167(v5)
    - neighboring facets: f67 f329 f332
- f268
    - flags: top simplicial
    - normal:    0.2134  -0.8491  -0.4831
    - offset: -0.1815237
    - vertices: p497(v59) p379(v43) p756(v26)
    - neighboring facets: f253 f352 f398
- f275
    - flags: top simplicial
    - normal:   -0.6708   0.6722   0.3135
    - offset: -0.4947345
    - vertices: p323(v60) p201(v23) p168(v8)
    - neighboring facets: f81 f276 f390
- f276
    - flags: bottom simplicial
    - normal:   -0.6714   0.6711   0.3144
    - offset: -0.4950775
    - vertices: p323(v60) p199(v41) p168(v8)
    - neighboring facets: f278 f275 f311
- f277
    - flags: bottom simplicial
    - normal:   -0.6915   0.2567   0.6753
    - offset: -0.5234623
    - vertices: p580(v61) p166(v19) p168(v8)
    - neighboring facets: f67 f278 f279
- f278
    - flags: top simplicial
    - normal:   -0.6818   0.6501   0.3353
    - offset: -0.5017275
    - vertices: p580(v61) p199(v41) p168(v8)
    - neighboring facets: f276 f277 f279
- f279
    - flags: bottom simplicial
    - normal:   -0.9095   0.1536   0.3863
    - offset: -0.5862621
    - vertices: p580(v61) p199(v41) p166(v19)
    - neighboring facets: f379 f277 f278
- f280
    - flags: top simplicial
    - normal:  -0.09098  -0.5567   0.8257
    - offset: -0.3898407
    - vertices: p266(v62) p265(v25) p163(v14)
    - neighboring facets: f370 f281 f283
- f281
    - flags: bottom simplicial
    - normal:  -0.02122  -0.7457    0.666
    - offset: -0.3272265
    - vertices: p266(v62) p227(v44) p163(v14)
    - neighboring facets: f409 f280 f362
- f283
    - flags: bottom simplicial
    - normal:   -0.2698  -0.5475   0.7921
    - offset: -0.4001504
    - vertices: p266(v62) p265(v25) p167(v5)
    - neighboring facets: f371 f284 f280
- f284
    - flags: top simplicial
    - normal:   -0.2619  -0.7015   0.6627
    - offset: -0.3562359
    - vertices: p266(v62) p646(v42) p167(v5)
    - neighboring facets: f326 f283 f459
- f296
    - flags: bottom simplicial
    - normal:   -0.4501   0.4856   0.7494
    - offset: -0.4569681
    - vertices: p399(v65) p589(v51) p191(v32)
    - neighboring facets: f234 f366 f297
- f297
    - flags: top simplicial
    - normal:   -0.4513   0.6158   0.6459
    - offset: -0.4636227
    - vertices: p399(v65) p589(v51) p113(v33)
    - neighboring facets: f233 f374 f296
- f305
    - flags: top simplicial
    - normal:   -0.7099 -0.05572  -0.7021
    - offset: -0.4654284
    - vertices: p46(v66) p93(v53) p47(v18)
    - neighboring facets: f242 f307 f306
- f306
    - flags: bottom simplicial
    - normal:   -0.7184 -0.02259  -0.6952
    - offset: -0.4698229
    - vertices: p46(v66) p93(v53) p205(v35)
    - neighboring facets: f243 f308 f305
- f307
    - flags: top simplicial
    - normal:  -0.02706 -0.07908  -0.9965
    - offset: -0.1519955
    - center: -0.299371515711 0.0047472541531 -0.144777869185 
    - vertices: p46(v66) p47(v18) p207(v3)
    - neighboring facets: f447 f308 f305
- f308
    - flags: bottom simplicial
    - normal:  -0.02792 -0.03246  -0.9991
    - offset: -0.1541272
    - vertices: p46(v66) p205(v35) p207(v3)
    - neighboring facets: f256 f307 f306
- f311
    - flags: top simplicial
    - normal:    -0.981   0.1654    0.101
    - offset: -0.5887711
    - vertices: p511(v67) p323(v60) p199(v41)
    - neighboring facets: f276 f380 f391
- f316
    - flags: bottom simplicial
    - normal:   -0.7021  -0.3813  -0.6014
    - offset: -0.4653199
    - vertices: p211(v68) p627(v34) p47(v18)
    - neighboring facets: f242 f401 f317
- f317
    - flags: bottom simplicial
    - normal:   -0.6069  -0.7189  -0.3388
    - offset: -0.4322746
    - vertices: p211(v68) p48(v55) p627(v34)
    - neighboring facets: f387 f316 f319
- f319
    - flags: top simplicial
    - normal:  -0.01143  -0.9045  -0.4263
    - offset: -0.1537155
    - vertices: p211(v68) p48(v55) p379(v43)
    - neighboring facets: f253 f346 f317
- f321
    - flags: top simplicial
    - normal:   -0.3757   -0.812   0.4467
    - offset: -0.3268606
    - vertices: p669(v69) p275(v57) p49(v10)
    - neighboring facets: f325 f393 f323
- f322
    - flags: top simplicial
    - normal:   -0.4884    -0.64   0.5932
    - offset: -0.4081003
    - vertices: p669(v69) p667(v36) p167(v5)
    - neighboring facets: f328 f323 f394
- f323
    - flags: bottom simplicial
    - normal:   -0.3828  -0.7761   0.5012
    - offset:   -0.34285
    - vertices: p669(v69) p275(v57) p167(v5)
    - neighboring facets: f327 f322 f321
- f324
    - flags: top simplicial
    - normal:   -0.2791  -0.8676   0.4115
    - offset:  -0.281876
    - vertices: p256(v70) p646(v42) p49(v10)
    - neighboring facets: f479 f325 f326
- f325
    - flags: bottom simplicial
    - normal:   -0.2921  -0.8602    0.418
    - offset: -0.2880646
    - vertices: p256(v70) p275(v57) p49(v10)
    - neighboring facets: f321 f324 f327
- f326
    - flags: bottom simplicial
    - normal:   -0.3088  -0.8277   0.4685
    - offset: -0.3070255
    - vertices: p256(v70) p646(v42) p167(v5)
    - neighboring facets: f284 f327 f324
- f327
    - flags: top simplicial
    - normal:   -0.3093  -0.8275   0.4685
    - offset: -0.3072143
    - vertices: p256(v70) p275(v57) p167(v5)
    - neighboring facets: f323 f326 f325
- f328
    - flags: bottom simplicial
    - normal:   -0.5476  -0.5174   0.6576
    - offset: -0.4476566
    - vertices: p670(v71) p667(v36) p167(v5)
    - neighboring facets: f322 f329 f330
- f329
    - flags: top simplicial
    - normal:   -0.5822  -0.3923   0.7121
    - offset: -0.4749513
    - vertices: p670(v71) p673(v58) p167(v5)
    - neighboring facets: f264 f328 f330
- f330
    - flags: bottom simplicial
    - normal:   -0.5632  -0.4923   0.6636
    - offset: -0.4557022
    - vertices: p670(v71) p673(v58) p667(v36)
    - neighboring facets: f333 f328 f329
- f331
    - flags: top simplicial
    - normal:   -0.6114  -0.5351    0.583
    - offset: -0.4609634
    - vertices: p682(v72) p667(v36) p166(v19)
    - neighboring facets: f247 f332 f333
- f332
    - flags: bottom simplicial
    - normal:   -0.6145  -0.4425   0.6532
    - offset: -0.4768988
    - vertices: p682(v72) p673(v58) p166(v19)
    - neighboring facets: f264 f331 f333
- f333
    - flags: top simplicial
    - normal:   -0.6047  -0.4854   0.6314
    - offset: -0.4676019
    - vertices: p682(v72) p673(v58) p667(v36)
    - neighboring facets: f330 f331 f332
- f346
    - flags: top simplicial
    - normal:  -0.0009792  -0.7676  -0.6409
    - offset: -0.1516273
    - vertices: p387(v74) p211(v68) p379(v43)
    - neighboring facets: f319 f399 f402
- f347
    - flags: bottom simplicial
    - normal:   0.05062  -0.9812   0.1864
    - offset: -0.1590539
    - vertices: p226(v75) p227(v44) p756(v26)
    - neighboring facets: f195 f348 f410
- f348
    - flags: top simplicial
    - normal:    0.1929  -0.9644   0.1807
    - offset: -0.1792678
    - vertices: p226(v75) p203(v63) p756(v26)
    - neighboring facets: f353 f347 f413
- f352
    - flags: top simplicial
    - normal:    0.5036  -0.8599  0.08347
    - offset: -0.2148248
    - center: 0.1864497959613333 -0.1410445173583333 -0.004279903446633338 
    - vertices: p492(v76) p497(v59) p756(v26)
    - neighboring facets: f268 f353 f419
- f353
    - flags: bottom simplicial
    - normal:     0.406  -0.9023   0.1453
    - offset: -0.2043467
    - center: 0.1863211294013334 -0.1220898752412666 0.1276425352940667 
    - vertices: p492(v76) p203(v63) p756(v26)
    - neighboring facets: f348 f352 f416
- f362
    - flags: top simplicial
    - normal:  -0.06679  -0.9071   0.4157
    - offset: -0.2414554
    - vertices: p633(v78) p266(v62) p227(v44)
    - neighboring facets: f281 f363 f424
- f363
    - flags: top simplicial
    - normal:    -0.041  -0.9804   0.1927
    - offset: -0.1600275
    - vertices: p633(v78) p227(v44) p49(v10)
    - neighboring facets: f195 f463 f362
- f366
    - flags: bottom simplicial
    - normal:   -0.3713    0.382   0.8463
    - offset:  -0.452784
    - vertices: p400(v79) p399(v65) p191(v32)
    - neighboring facets: f296 f372 f368
- f367
    - flags: top simplicial
    - normal:     0.043    0.507   0.8609
    - offset: -0.4892413
    - vertices: p400(v79) p403(v31) p414(v9)
    - neighboring facets: f120 f369 f368
- f368
    - flags: top simplicial
    - normal:  -0.00091   0.7071   0.7071
    - offset: -0.4926996
    - vertices: p400(v79) p399(v65) p403(v31)
    - neighboring facets: f431 f367 f366
- f369
    - flags: bottom simplicial
    - normal:  -0.06015   0.1274     0.99
    - offset: -0.4234097
    - vertices: p400(v79) p163(v14) p414(v9)
    - neighboring facets: f110 f367 f370
- f370
    - flags: bottom simplicial
    - normal:   -0.1735   0.1357   0.9754
    - offset:  -0.422527
    - vertices: p400(v79) p265(v25) p163(v14)
    - neighboring facets: f280 f369 f371
- f371
    - flags: top simplicial
    - normal:   -0.2359   0.1546   0.9594
    - offset: -0.4233913
    - vertices: p400(v79) p265(v25) p167(v5)
    - neighboring facets: f283 f372 f370
- f372
    - flags: bottom simplicial
    - normal:   -0.2921   0.2103    0.933
    - offset: -0.4315203
    - vertices: p400(v79) p191(v32) p167(v5)
    - neighboring facets: f126 f371 f366
- f373
    - flags: top simplicial
    - normal:   -0.5301   0.7363   0.4204
    - offset: -0.4745051
    - vertices: p192(v80) p113(v33) p601(v13)
    - neighboring facets: f133 f375 f374
- f374
    - flags: top simplicial
    - normal:     -0.45   0.6253   0.6376
    - offset: -0.4637672
    - vertices: p192(v80) p399(v65) p113(v33)
    - neighboring facets: f297 f373 f467
- f375
    - flags: bottom simplicial
    - normal:   -0.3032   0.9481 -0.09612
    - offset: -0.3732397
    - vertices: p192(v80) p604(v24) p601(v13)
    - neighboring facets: f87 f373 f378
- f377
    - flags: top simplicial
    - normal:   -0.2173   0.9758 -0.02616
    - offset: -0.3751002
    - vertices: p192(v80) p459(v11) p417(v2)
    - neighboring facets: f75 f427 f378
- f378
    - flags: top simplicial
    - normal:   -0.2168   0.9753 -0.04307
    - offset: -0.3711409
    - vertices: p192(v80) p604(v24) p459(v11)
    - neighboring facets: f86 f377 f375
- f379
    - flags: top simplicial
    - normal:   -0.9239   0.1346   0.3581
    - offset: -0.5885886
    - vertices: p514(v81) p199(v41) p166(v19)
    - neighboring facets: f279 f381 f380
- f380
    - flags: top simplicial
    - normal:   -0.9718  0.08485     0.22
    - offset: -0.5915299
    - vertices: p514(v81) p511(v67) p199(v41)
    - neighboring facets: f311 f379 f382
- f381
    - flags: bottom simplicial
    - normal:   -0.9619  0.02007   0.2727
    - offset: -0.5924819
    - vertices: p514(v81) p98(v54) p166(v19)
    - neighboring facets: f247 f379 f382
- f382
    - flags: bottom simplicial
    - normal:   -0.9727  0.01477   0.2318
    - offset:  -0.591712
    - vertices: p514(v81) p511(v67) p98(v54)
    - neighboring facets: f384 f381 f380
- f384
    - flags: top simplicial
    - normal:   -0.9788   -0.103   0.1772
    - offset: -0.5887293
    - vertices: p224(v82) p511(v67) p98(v54)
    - neighboring facets: f382 f385 f474
- f385
    - flags: top simplicial
    - normal:   -0.6073  -0.6944   0.3859
    - offset: -0.4281243
    - vertices: p224(v82) p98(v54) p49(v10)
    - neighboring facets: f246 f386 f384
- f386
    - flags: bottom simplicial
    - normal:   -0.4737  -0.8807 -0.001671
    - offset: -0.3599887
    - vertices: p224(v82) p48(v55) p49(v10)
    - neighboring facets: f254 f385 f387
- f387
    - flags: top simplicial
    - normal:   -0.4986  -0.8664 -0.02728
    - offset: -0.3728827
    - vertices: p224(v82) p48(v55) p627(v34)
    - neighboring facets: f317 f432 f386
- f388
    - flags: bottom simplicial
    - normal:   -0.9795   0.1877  0.07262
    - offset: -0.5875792
    - vertices: p90(v83) p201(v23) p312(v0)
    - neighboring facets: f84 f389 f390
- f389
    - flags: top simplicial
    - normal:        -1 0.002899 0.001442
    - offset: -0.5888732
    - vertices: p90(v83) p511(v67) p312(v0)
    - neighboring facets: f435 f388 f391
- f390
    - flags: bottom simplicial
    - normal:   -0.9803    0.179  0.08346
    - offset: -0.5876644
    - vertices: p90(v83) p323(v60) p201(v23)
    - neighboring facets: f275 f388 f391
- f391
    - flags: bottom simplicial
    - normal:   -0.9812    0.172  0.08703
    - offset: -0.5878724
    - vertices: p90(v83) p511(v67) p323(v60)
    - neighboring facets: f311 f390 f389
- f392
    - flags: bottom simplicial
    - normal:   -0.4541  -0.7675   0.4525
    - offset: -0.3621175
    - vertices: p287(v84) p667(v36) p49(v10)
    - neighboring facets: f246 f393 f394
- f393
    - flags: top simplicial
    - normal:   -0.4327  -0.7793   0.4534
    - offset: -0.3525572
    - vertices: p287(v84) p669(v69) p49(v10)
    - neighboring facets: f321 f392 f394
- f394
    - flags: bottom simplicial
    - normal:   -0.4402  -0.7694   0.4629
    - offset: -0.3580019
    - vertices: p287(v84) p669(v69) p667(v36)
    - neighboring facets: f322 f392 f393
- f398
    - flags: bottom simplicial
    - normal:    0.2374  -0.8068   -0.541
    - offset: -0.1831704
    - vertices: p391(v85) p497(v59) p379(v43)
    - neighboring facets: f268 f399 f437
- f399
    - flags: top simplicial
    - normal:    0.2077  -0.7991  -0.5642
    - offset: -0.1796142
    - vertices: p391(v85) p387(v74) p379(v43)
    - neighboring facets: f346 f398 f402
- f401
    - flags: bottom simplicial
    - normal:  -0.01511  -0.5354  -0.8445
    - offset: -0.1498298
    - center: -0.279364829262 -0.08510722219953333 -0.1184678524735667 
    - vertices: p391(v85) p211(v68) p47(v18)
    - neighboring facets: f316 f448 f402
- f402
    - flags: bottom simplicial
    - normal:  -0.009489  -0.5987  -0.8009
    - offset: -0.1505028
    - vertices: p391(v85) p387(v74) p211(v68)
    - neighboring facets: f346 f401 f399
- f403
    - flags: bottom simplicial tested seen
    - normal:    0.9923   0.1212 -0.02687
    - offset:  -0.239492
    - center: 0.232628832261 0.1214027839403 0.2252313370504334 
    - vertices: p702(v86) p331(v22) p307(v1)
    - neighboring facets: f210 f482 f405
    - ridges:
- f405
    - flags: bottom simplicial tested
    - normal:    0.9697    0.209  -0.1264
    - offset: -0.2291828
    - center: 0.219124371807 0.1313580734034 0.08511072645576667 
    - vertices: p702(v86) p764(v40) p331(v22)
    - neighboring facets: f175 f403 f406
- f406
    - flags: top simplicial tested
    - normal:    0.9777   0.1155  -0.1755
    - offset: -0.2239315
    - center: 0.212339917819 0.07166826849173334 -0.04587901383623333 
    - vertices: p702(v86) p764(v40) p74(v37)
    - neighboring facets: f173 f440 f405
- f409
    - flags: top simplicial
    - normal:   0.07332  -0.6519   0.7547
    - offset: -0.3557269
    - vertices: p267(v87) p227(v44) p163(v14)
    - neighboring facets: f281 f450 f410
- f410
    - flags: top simplicial
    - normal:   0.09984  -0.8037   0.5866
    - offset: -0.3027491
    - vertices: p267(v87) p226(v75) p227(v44)
    - neighboring facets: f347 f409 f413
- f413
    - flags: bottom simplicial
    - normal:    0.3354  -0.8662   0.3704
    - offset: -0.2660817
    - center: 0.1872377743323333 -0.07432336236040003 0.3750059505303334 
    - vertices: p267(v87) p226(v75) p203(v63)
    - neighboring facets: f348 f420 f410
- f416
    - flags: top simplicial tested
    - normal:    0.6457  -0.7537   0.1221
    - offset: -0.2320546
    - center: 0.206180324157 -0.08969141046209997 0.2564543361466 
    - vertices: p680(v88) p492(v76) p203(v63)
    - neighboring facets: f353 f420 f419
- f417
    - flags: bottom simplicial tested seen
    - normal:    0.9851  -0.1678  0.03719
    - offset: -0.2397748
    - center: 0.232628832261 -0.004956379843263336 0.2628070563078 
    - vertices: p680(v88) p309(v73) p308(v28)
    - neighboring facets: f481 f455 f418
    - ridges:
- f418
    - flags: top simplicial tested
    - normal:    0.9559  -0.2936 0.008581
    - offset: -0.2308058
    - center: 0.219424163302 -0.06780769707019668 0.1342679460844333 
    - vertices: p680(v88) p309(v73) p497(v59)
    - neighboring facets: f436 f419 f417
- f419
    - flags: bottom simplicial tested
    - normal:    0.8861  -0.4615  0.04323
    - offset: -0.2383316
    - center: 0.206308990717 -0.1086460525791667 0.1245318974059 
    - vertices: p680(v88) p492(v76) p497(v59)
    - neighboring facets: f352 f418 f416
- f420
    - flags: bottom simplicial tested
    - normal:    0.5393  -0.7679   0.3455
    - offset: -0.2901167
    - center: 0.2047679473956666 -0.06744553272923333 0.370119214058 
    - vertices: p680(v88) p267(v87) p203(v63)
    - neighboring facets: f413 f416 f454
- f424
    - flags: bottom simplicial
    - normal:  -0.09165  -0.9066   0.4119
    - offset: -0.2433209
    - vertices: p645(v89) p633(v78) p266(v62)
    - neighboring facets: f362 f460 f464
- f427
    - flags: top simplicial
    - normal:   -0.2524   0.9596   0.1244
    - offset: -0.4116052
    - vertices: p405(v90) p192(v80) p417(v2)
    - neighboring facets: f377 f471 f469
- f431
    - flags: bottom simplicial
    - normal:  -0.0009089   0.7071   0.7071
    - offset: -0.4926995
    - vertices: p405(v90) p399(v65) p403(v31)
    - neighboring facets: f368 f473 f468
- f432
    - flags: top simplicial
    - normal:        -1 -0.0003188 0.0001915
    - offset: -0.5887277
    - vertices: p95(v91) p224(v82) p627(v34)
    - neighboring facets: f387 f434 f476
- f434
    - flags: top simplicial
    - normal:        -1 -0.0001117 6.707e-05
    - offset: -0.5887126
    - vertices: p95(v91) p627(v34) p312(v0)
    - neighboring facets: f241 f435 f432
- f435
    - flags: bottom simplicial
    - normal:        -1 -9.766e-05 9.513e-05
    - offset: -0.5887122
    - vertices: p95(v91) p511(v67) p312(v0)
    - neighboring facets: f389 f434 f475
- f436
    - flags: bottom simplicial
    - normal:    0.9778  -0.1755  -0.1145
    - offset: -0.2246315
    - vertices: p60(v92) p309(v73) p497(v59)
    - neighboring facets: f418 f437 f438
- f437
    - flags: top simplicial
    - normal:    0.9767  -0.1762  -0.1222
    - offset: -0.2248725
    - vertices: p60(v92) p391(v85) p497(v59)
    - neighboring facets: f398 f436 f438
- f438
    - flags: bottom simplicial
    - normal:    0.9794    -0.16  -0.1231
    - offset: -0.2241892
    - center: 0.2159683257343333 -0.05524760019033 -0.0310955084862 
    - vertices: p60(v92) p391(v85) p309(v73)
    - neighboring facets: f443 f436 f437
- f440
    - flags: top simplicial
    - normal:      0.98  0.08624  -0.1796
    - offset: -0.2231397
    - center: 0.2158443828426666 0.04596103355289999 -0.0426439841587 
    - vertices: p62(v93) p702(v86) p74(v37)
    - neighboring facets: f406 f445 f444
- f442
    - flags: bottom simplicial tested seen
    - normal:    0.9853 -0.03698  -0.1668
    - offset:  -0.221185
    - center: 0.225978881121 -0.009491424076263332 0.01093974957856667 
    - vertices: p498(v94) p702(v86) p309(v73)
    - neighboring facets: f481 f443 f444
    - ridges:
- f443
    - flags: top simplicial tested
    - normal:    0.9853 -0.04673  -0.1644
    - offset: -0.2214331
    - center: 0.2126517097156667 -0.04828351146229667 -0.05872470637186666 
    - vertices: p498(v94) p391(v85) p309(v73)
    - neighboring facets: f438 f442 f448
- f444
    - flags: bottom simplicial tested
    - normal:    0.9828 0.004927  -0.1844
    - offset: -0.2206317
    - center: 0.2159788856906667 0.006323290367933334 -0.04516249895103333 
    - vertices: p498(v94) p62(v93) p702(v86)
    - neighboring facets: f440 f442 f445
- f445
    - flags: top simplicial tested
    - normal:    0.9787  0.01631  -0.2045
    - offset: -0.2218624
    - center: 0.2025277664266667 0.0148868399362 -0.1144389087954667 
    - vertices: p498(v94) p62(v93) p74(v37)
    - neighboring facets: f440 f446 f444
- f446
    - flags: top simplicial tested
    - normal:    0.4498  0.05815  -0.8912
    - offset: -0.2070544
    - center: 0.1791940430803333 0.0137174886962 -0.140987470746 
    - vertices: p498(v94) p74(v37) p207(v3)
    - neighboring facets: f173 f447 f445
- f447
    - flags: bottom simplicial tested
    - normal:  -0.003501  -0.2388  -0.9711
    - offset: -0.1449154
    - center: -0.06002149482533334 -0.02422618493436668 -0.143059541782 
    - vertices: p498(v94) p47(v18) p207(v3)
    - neighboring facets: f307 f446 f448
- f448
    - flags: bottom simplicial tested
    - normal:  -0.003681  -0.2661  -0.9639
    - offset: -0.1455145
    - center: -0.04001494745400001 -0.06464698538183333 -0.1329598476493333 
    - vertices: p498(v94) p391(v85) p47(v18)
    - neighboring facets: f401 f447 f443
- f449
    - flags: bottom simplicial
    - normal:    0.1053 -0.01383   0.9943
    - offset: -0.4241086
    - vertices: p585(v95) p162(v29) p163(v14)
    - neighboring facets: f110 f450 f451
- f450
    - flags: top simplicial
    - normal:    0.1187  -0.1368   0.9835
    - offset: -0.4251439
    - vertices: p585(v95) p267(v87) p163(v14)
    - neighboring facets: f409 f449 f452
- f451
    - flags: bottom simplicial
    - normal:      0.56 -0.01424   0.8283
    - offset:  -0.442831
    - vertices: p585(v95) p290(v77) p162(v29)
    - neighboring facets: f458 f449 f452
- f452
    - flags: bottom simplicial
    - normal:    0.5601 -0.03565   0.8277
    - offset: -0.4430762
    - vertices: p585(v95) p267(v87) p290(v77)
    - neighboring facets: f453 f451 f450
- f453
    - flags: top simplicial
    - normal:    0.6723 -0.07414   0.7365
    - offset: -0.4308761
    - vertices: p177(v96) p267(v87) p290(v77)
    - neighboring facets: f452 f458 f454
- f454
    - flags: top simplicial
    - normal:    0.8236  -0.2745   0.4963
    - offset: -0.3764028
    - vertices: p177(v96) p680(v88) p267(v87)
    - neighboring facets: f420 f453 f455
- f455
    - flags: bottom simplicial
    - normal:    0.9606  -0.1242   0.2488
    - offset: -0.3079657
    - vertices: p177(v96) p680(v88) p308(v28)
    - neighboring facets: f417 f456 f454
- f456
    - flags: top simplicial
    - normal:    0.8795  0.03255   0.4748
    - offset: -0.3733333
    - vertices: p177(v96) p175(v45) p308(v28)
    - neighboring facets: f200 f455 f457
- f457
    - flags: bottom simplicial
    - normal:    0.7211  0.04222   0.6916
    - offset: -0.4216246
    - vertices: p177(v96) p175(v45) p162(v29)
    - neighboring facets: f227 f458 f456
- f458
    - flags: top simplicial
    - normal:    0.6723  0.01458   0.7402
    - offset: -0.4302282
    - vertices: p177(v96) p290(v77) p162(v29)
    - neighboring facets: f451 f457 f453
- f459
    - flags: bottom simplicial
    - normal:   -0.2356   -0.757   0.6095
    - offset: -0.3344132
    - vertices: p643(v97) p266(v62) p646(v42)
    - neighboring facets: f284 f480 f460
- f460
    - flags: bottom simplicial
    - normal:   -0.1438  -0.8756   0.4612
    - offset: -0.2687186
    - vertices: p643(v97) p645(v89) p266(v62)
    - neighboring facets: f424 f459 f466
- f463
    - flags: top simplicial
    - normal:  -0.08059  -0.9677   0.2388
    - offset: -0.1816577
    - vertices: p631(v98) p633(v78) p49(v10)
    - neighboring facets: f363 f477 f464
- f464
    - flags: top simplicial
    - normal:  -0.09218  -0.9109   0.4021
    - offset: -0.2400484
    - vertices: p631(v98) p645(v89) p633(v78)
    - neighboring facets: f424 f463 f466
- f466
    - flags: top simplicial
    - normal:   -0.1397  -0.9095   0.3914
    - offset: -0.2443303
    - vertices: p631(v98) p643(v97) p645(v89)
    - neighboring facets: f460 f464 f478
- f467
    - flags: bottom simplicial
    - normal:   -0.4307   0.6671   0.6078
    - offset: -0.4661352
    - vertices: p408(v99) p192(v80) p399(v65)
    - neighboring facets: f374 f468 f469
- f468
    - flags: top simplicial
    - normal:   -0.3324   0.7048   0.6267
    - offset: -0.4804453
    - vertices: p408(v99) p405(v90) p399(v65)
    - neighboring facets: f431 f467 f469
- f469
    - flags: bottom simplicial
    - normal:   -0.4173   0.6972   0.5829
    - offset: -0.4672086
    - vertices: p408(v99) p405(v90) p192(v80)
    - neighboring facets: f427 f467 f468
- f470
    - flags: bottom simplicial
    - normal:    0.1212   0.8265   0.5497
    - offset: -0.4921308
    - vertices: p407(v100) p404(v16) p417(v2)
    - neighboring facets: f161 f471 f472
- f471
    - flags: top simplicial
    - normal:   -0.1832   0.9439   0.2748
    - offset: -0.4509501
    - vertices: p407(v100) p405(v90) p417(v2)
    - neighboring facets: f427 f470 f473
- f472
    - flags: bottom simplicial
    - normal:  -0.0008794   0.7072   0.7071
    - offset: -0.4927002
    - vertices: p407(v100) p403(v31) p404(v16)
    - neighboring facets: f223 f470 f473
- f473
    - flags: bottom simplicial
    - normal:  -0.0009005   0.7072   0.7071
    - offset: -0.4926995
    - vertices: p407(v100) p405(v90) p403(v31)
    - neighboring facets: f431 f472 f471
- f474
    - flags: bottom simplicial
    - normal:        -1 -0.00047 0.0006355
    - offset: -0.5887491
    - vertices: p94(v101) p224(v82) p511(v67)
    - neighboring facets: f384 f475 f476
- f475
    - flags: top simplicial
    - normal:        -1 -0.0001508 0.0001627
    - offset: -0.5887167
    - vertices: p94(v101) p95(v91) p511(v67)
    - neighboring facets: f435 f474 f476
- f476
    - flags: bottom simplicial
    - normal:        -1 -0.0003208 0.0003439
    - offset: -0.5887305
    - vertices: p94(v101) p95(v91) p224(v82)
    - neighboring facets: f432 f474 f475
- f477
    - flags: top simplicial
    - normal:   -0.1352  -0.9459   0.2951
    - offset: -0.2105128
    - vertices: p648(v102) p631(v98) p49(v10)
    - neighboring facets: f463 f479 f478
- f478
    - flags: bottom simplicial
    - normal:    -0.141  -0.9157   0.3764
    - offset: -0.2394387
    - vertices: p648(v102) p631(v98) p643(v97)
    - neighboring facets: f466 f480 f477
- f479
    - flags: bottom simplicial
    - normal:   -0.1651   -0.932   0.3226
    - offset: -0.2258231
    - vertices: p648(v102) p646(v42) p49(v10)
    - neighboring facets: f324 f477 f480
- f480
    - flags: bottom simplicial
    - normal:   -0.1721  -0.9139   0.3678
    - offset: -0.2425871
    - vertices: p648(v102) p643(v97) p646(v42)
    - neighboring facets: f459 f479 f478
- f481
    - flags: top simplicial tricoplanar keepcentrum
    - owner of normal & centrum is facet f481
    - normal:         1        0        0
    - offset: -0.2392955
    - center: 0.239295497537 0.0428994565736525 0.209683002903925 
    - vertices: p702(v86) p309(v73) p308(v28)
    - neighboring facets: f417 f482 f442
- f482
    - flags: top simplicial tricoplanar
    - owner of normal & centrum is facet f481
    - normal:         1        0        0
    - offset: -0.2392955
    - center: 0.239295497537 0.0428994565736525 0.209683002903925 
    - vertices: p702(v86) p308(v28) p307(v1)
    - neighboring facets: f200 f403 f481
