3
836 86 129
-0.0888000950217 -0.18218959868 -0.434272795916 
0.269258975983 -0.182189688087 -0.419291675091 
0.270690232515 -0.18218973279 -1.14280807972 
-0.146227300167 -0.182189688087 -1.18433594704 
0.0379299148917 -0.182189688087 -1.24839699268 
0.270690083504 0.177810251713 -1.14280819893 
0.269258975983 0.177810296416 -0.419291675091 
-0.0888000875711 0.177810400724 -0.434272795916 
-0.200604498386 0.145720586181 -0.971139192581 
-0.113187484443 0.145715877414 -1.03779411316 
-0.09948587417599999 0.145710095763 -0.97401279211 
-0.204306542873 -0.144282311201 -0.921827673912 
-0.0895820632577 -0.144292324781 -0.954347789288 
-0.113217972219 -0.144284114242 -1.03781282902 
-0.0618600435555 0.145716384053 -1.12853419781 
-0.158099979162 0.145727857947 -1.14955103397 
-0.0218673702329 0.14571839571 -1.22357881069 
0.0643681287766 0.14570376277 -1.13756406307 
-0.0514834597707 0.185936942697 -1.22251152992 
0.206978634 0.145695447922 -1.12511563301 
-0.142430260777 0.145729392767 -1.19183135033 
0.13359862566 0.145699769258 -1.18846952915 
0.209383919835 0.145679950714 -1.00788903236 
0.125984191895 0.145690694451 -1.0375328064 
0.181179657578 0.18568021059 -1.13067162037 
0.14312005043 0.185726195574 -0.806906104088 
0.206978634 0.145695447922 -1.12511563301 
-0.199671298265 0.185786008835 -0.766184687614 
-0.142430260777 0.145729392767 -1.19183135033 
-0.186822906137 0.145759388804 -0.729738116264 
0.0489611811936 0.145690798759 -0.916314959526 
0.102146148682 0.145687669516 -0.954096674919 
0.134209915996 0.145676061511 -0.829381287098 
0.14312005043 0.185726195574 -0.806906104088 
0.120572790504 0.145710811019 -0.7827847003940001 
0.206978634 0.145695447922 -1.12511563301 
0.178442686796 -0.184496060014 -1.13306391239 
-0.0449237041175 -0.184436812997 -1.22328603268 
0.213837116957 -0.14434979856 -1.14081811905 
-0.0449237041175 -0.184436812997 -1.22328603268 
-0.198669791222 -0.184231042862 -0.760092556477 
-0.176423028111 -0.144252851605 -1.15152096748 
0.123650759459 -0.184302017093 -0.776552557945 
0.178442686796 -0.184496060014 -1.13306391239 
0.213837116957 -0.14434979856 -1.14081811905 
-0.0618902556598 -0.144283518195 -1.12855303288 
0.0643374621868 -0.144296050072 -1.13758301735 
0.0324409492314 -0.144286513329 -1.23082780838 
-0.158130332828 -0.1442720294 -1.14956951141 
0.125953763723 -0.144309177995 -1.0375521183 
0.209353476763 -0.144319817424 -1.00790786743 
0.166535034776 -0.144306287169 -1.14471495152 
0.102115169168 -0.144312337041 -0.954114794731 
0.134179398417 -0.144323855639 -0.82940018177 
-0.182424381375 0.145726934075 -0.954380691051 
-0.0359597764909 0.145718842745 -1.20842206478 
-0.104955591261 -0.144275531173 -1.18410348892 
0.141685336828 -0.144303411245 -1.15326166153 
-0.0359597764909 0.145718842745 -1.20842206478 
0.18085680902 0.145689070225 -1.10102045536 
0.18085680902 0.145689070225 -1.10102045536 
0.103282622993 0.145681709051 -0.865288197994 
0.135342478752 -0.144321173429 -0.871627092361 
0.103282622993 0.145681709051 -0.865288197994 
-0.182424381375 0.145726934075 -0.954380691051 
0.135342478752 -0.144321173429 -0.871627092361 
-0.204306542873 -0.144282311201 -0.921827673912 
-0.167410954833 -0.144272014499 -0.685829162598 
-0.00224914541468 -0.144304990768 -0.907688438892 
-0.00224914541468 -0.144304990768 -0.907688438892 
-0.167410954833 -0.144272014499 -0.685829162598 
0.133630365133 -0.144337281585 -0.753784179688 
-0.206076771021 0.18571472168 -0.873093724251 
0.141201630235 0.185684740543 -0.7299761772160001 
0.140332773328 0.185676723719 -0.848789930344 
-0.206076771021 0.18571472168 -0.873093724251 
0.140332773328 0.185676723719 -0.848789930344 
0.202469423413 0.185679242015 -0.985674738884 
-0.0514834597707 0.185936942697 -1.22251152992 
-0.169140771031 0.18572743237 -1.12589716911 
0.202469423413 0.185679242015 -0.985674738884 
0.140293896198 -0.184323206544 -0.848814070225 
0.141175985336 -0.184315443039 -0.729947507381 
-0.167384952307 -0.184271886945 -0.685799717903 
-0.204287543893 -0.184282362461 -0.921802222729 
-0.15838713944 -0.184272229671 -1.14985990524 
0.209683001041 -0.184320107102 -1.00809371471 
0.178442686796 -0.184496060014 -1.13306391239 
0.209683001041 -0.184320107102 -1.00809371471 
-0.15838713944 -0.184272229671 -1.14985990524 
-0.186822906137 0.145759388804 -0.729738116264 
0.0189567562193 0.145270273089 -0.34698471427 
0.0173355098814 0.185255408287 -0.345773011446 
0.277233272791 0.185332372785 -0.497404009104 
0.278411865234 0.145316287875 -0.498418718576 
0.120572790504 0.145710811019 -0.7827847003940001 
0.125401303172 -0.144282907248 -0.768525898457 
0.278356015682 -0.144664496183 -0.498622566462 
0.277154386044 -0.184681788087 -0.497656017542 
-0.198669791222 -0.184231042862 -0.760092556477 
0.0188925173134 -0.184737503529 -0.347231447697 
-0.0137587357312 -0.144547939301 -0.325671344995 
0.14403167367 0.145693182945 -0.7227522730830001 
0.276019483805 0.145324453712 -0.499674171209 
0.0083328243345 0.145358353853 -0.346105337143 
0.0175126455724 -0.144734367728 -0.347584843636 
0.275946140289 -0.144675418735 -0.499887317419 
0.133630365133 -0.144337281585 -0.753784179688 
0.0173218343407 0.185265377164 -0.347111195326 
0.276281386614 0.185324430466 -0.499887555838 
0.141201630235 0.185684740543 -0.7299761772160001 
0.141175985336 -0.184315443039 -0.729947507381 
0.276186913252 -0.184675380588 -0.500160634518 
0.017507513985 -0.184734344482 -0.347626596689 
-0.0156567953527 -0.228169098496 0.0359774790704 
-0.0385038852692 -0.222200274467 -0.000245647417614 
-0.036522269249 -0.230229735374 0.008806152269239999 
-0.00638089329004 -0.227392852306 0.0463904291391 
0.0146335726604 -0.195425882936 0.0482174381614 
-0.0400635823607 -0.195259094238 -0.0256604142487 
-0.0455309003592 0.227545693517 -0.0194911565632 
0.0368864908814 0.227301165462 -0.0230697244406 
-0.0033370803576 0.19539269805 -0.0470326654613 
-0.0302815437317 -0.195293977857 0.0708115249872 
-0.0758890211582 -0.19515542686 0.0176142584532 
-0.0447080656886 -0.195246592164 -0.00306217302568 
-0.0291210543364 0.195461943746 0.070835404098 
-0.0156315807253 0.195424005389 0.0390578135848 
-0.043548066169 0.195509597659 -0.00303831812926 
-0.000213649007492 -0.195376485586 -0.04259121418 
-0.06364841014149999 -0.195188209414 -0.0389303565025 
-0.0624885931611 0.195567712188 -0.0389065556228 
-0.043548066169 0.195509597659 -0.00303831812926 
0.000946297019254 0.195379659534 -0.0425674840808 
2.48029828072e-05 -0.195374906063 -0.0784100294113 
0.0687761381269 -0.195582196116 -0.030395431444 
0.000946297019254 0.195379659534 -0.0425674840808 
0.0385540090501 0.195266321301 -0.0163033865392 
0.06993611902000001 0.19517403841 -0.0303716659546 
0.055251903832 -0.195547327399 0.0571310706437 
0.0299962759018 -0.195470482111 0.0315508320928 
0.0311562810093 0.195285379887 0.0315744020045 
-0.0302815437317 -0.195293977857 0.0708115249872 
0.0564117506146 0.195208951831 0.0571548826993 
-0.0459375083447 0.195520937443 -0.076203301549 
0.0813700854778 0.195138320327 0.000679318909533 
0.0559667535126 0.143906801939 -0.0633625090122 
0.0319930016994 -0.195469483733 -0.0838427171111 
-0.0509899370372 -0.143912807107 -0.076271481812 
0.0797741189599 -0.144307076931 0.0243406575173 
0.0391368865967 0.143948242068 0.0760802701116 
0.0813700854778 0.195138320327 0.000679318909533 
-0.02444678545 0.195447459817 0.0819854214787 
0.036691121757 -0.195493236184 0.0789050534368 
0.0797741189599 -0.144307076931 0.0243406575173 
-0.0313067920506 -0.143980398774 0.074008949101 
-0.0811676234007 -0.195139423013 0.0131217548624 
0.036691121757 -0.195493236184 0.0789050534368 
-0.0313067920506 -0.143980398774 0.074008949101 
-0.0425131209195 -0.143948614597 0.0999877899885 
-0.107087798417 -0.143752500415 0.0246674921364 
-0.0757367312908 -0.143844798207 0.0176170337945 
-0.0416580587626 0.144186541438 0.100005112588 
-0.0292736627162 0.144151777029 0.0708322674036 
-0.0748813971877 0.144290193915 0.0176346115768 
-0.0634960532188 -0.14387793839 -0.0389273054898 
-0.0757367312908 -0.143844798207 0.0176170337945 
-0.107087798417 -0.143752500415 0.0246674921364 
-0.106232471764 0.14438302815 0.0246845819056 
-0.0748813971877 0.144290193915 0.0176346115768 
-0.062640838325 0.144257307053 -0.0389096811414 
0.000177061068825 -0.144064486027 -0.0784068107605 
-0.0634960532188 -0.14387793839 -0.0389273054898 
-0.0897570028901 -0.143798962235 -0.0553916916251 
-0.08890143781900001 0.144336596131 -0.0553748309612 
0.00103214674164 0.144070729613 -0.078389339149 
0.000395731505705 -0.144063070416 -0.111289940774 
0.09773848950859999 -0.14435608685 -0.0433074943721 
0.00103214674164 0.144070729613 -0.078389339149 
0.0697837695479 0.143863916397 -0.0303747560829 
0.0985937193036 0.143779143691 -0.0432902909815 
0.0785900503397 -0.144307002425 0.0806175246835 
0.0554043091834 -0.144236564636 0.0571339316666 
0.0562596321106 0.143898814917 0.0571515373886 
-0.0425131209195 -0.143948614597 0.0999877899885 
0.0794454142451 0.143828496337 0.0806350708008 
-0.164839550853 0.140442639589 0.159186169505 
-0.0416703037918 0.140080437064 0.100004762411 
-0.106244653463 0.140276804566 0.0246843528003 
-0.107075691223 -0.139646187425 0.0246674530208 
-0.165670245886 -0.139480397105 0.159169763327 
-0.22280189395 -0.139301761985 0.0104414746165 
-0.221970900893 0.140621125698 0.0104584498331 
-0.0897447913885 -0.139692664146 -0.0553916171193 
-0.0889133438468 0.140230342746 -0.0553753636777 
-0.162423700094 -0.139464646578 -0.260169357061 
0.000407662650105 -0.139956951141 -0.111289724708 
-0.161593019962 0.14045843482 -0.260150909424 
0.001238953555 0.139965936542 -0.111272573471 
0.0982666015625 -0.140233650804 -0.343747258186 
0.001238953555 0.139965936542 -0.111272573471 
0.0985816866159 0.1396728158 -0.0432902909815 
0.204170063138 0.139495745301 -0.242166250944 
0.0977505818009 -0.140250071883 -0.0433074571192 
0.203338548541 -0.140653088689 -0.242182999849 
0.260382086039 -0.139878481627 -0.0569308549166 
0.0977505818009 -0.140250071883 -0.0433074571192 
0.260382086039 -0.139878481627 -0.0569308549166 
0.191779240966 -0.140538722277 0.114373467863 
-0.0425015613437 -0.139842435718 0.0999879017472 
0.0461317822337 -0.140112876892 0.222344353795 
-0.0447724126279 0.140120968223 -0.411296963692 
0.0990979000926 0.139689654112 -0.343730449677 
0.203338548541 -0.140653088689 -0.242182999849 
0.264005601406 -0.142197906971 -0.240707695484 
0.260382086039 -0.139878481627 -0.0569308549166 
-0.0456033498049 -0.139802202582 -0.411313682795 
-0.234509810805 0.140656009316 0.0498379059136 
-0.0402745045722 0.1401078403 -0.415916740894 
-0.0801617950201 -0.139698460698 -0.430131524801 
0.100353121758 -0.140273630619 0.218008175492 
0.235737890005 -0.140659362078 -0.0483386740088 
0.127756789327 0.139569759369 0.226232230663 
0.251945465803 -0.140707343817 -0.0512268058956 
0.27250880003 0.139157116413 -0.053295135498 
0.233044236898 0.139273911715 -0.0491239912808 
0.259521901608 -0.140931352973 -0.246487379074 
-0.0516617968678 0.140141412616 -0.413826853037 
0.266973018646 0.139585763216 -0.209396362305 
-0.04008327052 -0.231209903955 -0.00266581657343 
0.0266252551228 -0.231409758329 0.0282426010817 
-0.0151545712724 -0.231286048889 0.0349249467254 
0.00102205958683 0.231328517199 -0.0379357673228 
-0.038709808141 0.231444254518 -0.0026377486065 
-0.0137808602303 0.23136793077 0.0349531322718 
-0.000351359834895 -0.231325730681 -0.037963848561 
0.0332313254476 -0.231426715851 -0.0145108122379 
0.0279990006238 0.231244444847 0.0282703489065 
0.034604717046 0.231227368116 -0.0144828697667 
0.264005571604 -0.142197906971 -0.240707620978 
0.264845401049 0.140657395124 -0.240690305829 
0.270305037498 0.139653488994 -0.0528846867383 
0.276867538691 0.0651812553406 -0.53701788187 
0.288422554731 0.149799883366 -0.671332776546 
0.270153790712 0.27199369669 -0.460762023926 
0.274958491325 0.266355544329 -1.05019712448 
0.270153790712 0.27199369669 -0.460762023926 
0.288422554731 0.149799883366 -0.671332776546 
0.316812723875 0.147679656744 -1.14468455315 
0.158365473151 0.296652674675 -1.201171875 
0.274958491325 0.266355544329 -1.05019712448 
0.270153790712 0.27199369669 -0.460762023926 
0.430104523897 0.262322217226 -0.120203435421 
0.521684467793 -0.0975034087896 -0.0875327885151 
0.430104523897 0.262322217226 -0.120203435421 
0.243379041553 0.334833443165 -0.0804952606559 
0.521684467793 -0.0975034087896 -0.0875327885151 
0.158365473151 0.296652674675 -1.201171875 
-0.305511474609 0.381339520216 -1.00365412235 
0.08360683172940001 0.36344280839 -0.937178254128 
0.08360683172940001 0.36344280839 -0.937178254128 
-0.38506102562 0.399088859558 -0.716639697552 
-0.0445954874158 0.396076411009 -0.250758290291 
0.243379041553 0.334833443165 -0.0804952606559 
0.430104523897 0.262322217226 -0.120203435421 
0.270153790712 0.27199369669 -0.460762023926 
-0.305511474609 0.381339520216 -1.00365412235 
-0.063405148685 0.157172605395 -1.24292051792 
-0.326378703117 0.151699796319 -1.00667703152 
-0.112550653517 0.23153410852 -1.24396574497 
-0.063405148685 0.157172605395 -1.24292051792 
-0.305511474609 0.381339520216 -1.00365412235 
-0.305511474609 0.381339520216 -1.00365412235 
-0.38506102562 0.399088859558 -0.716639697552 
0.08360683172940001 0.36344280839 -0.937178254128 
-0.356618314981 0.189021468163 -0.938941299915 
-0.38506102562 0.399088859558 -0.716639697552 
-0.305511474609 0.381339520216 -1.00365412235 
0.270153790712 0.27199369669 -0.460762023926 
0.274958491325 0.266355544329 -1.05019712448 
0.08360683172940001 0.36344280839 -0.937178254128 
-0.180572122335 0.153848811984 -0.58394241333 
-0.185576170683 -0.144937887788 -0.579773068428 
-0.103644475341 0.337778806686 -0.346895813942 
0.270153790712 0.27199369669 -0.460762023926 
0.304085075855 -0.215361341834 -0.410744309425 
0.276867538691 0.0651812553406 -0.53701788187 
0.270153790712 0.27199369669 -0.460762023926 
-0.0445954874158 0.396076411009 -0.250758290291 
0.102098383009 0.40017592907 -0.211857900023 
-0.0989270210266 -0.301869183779 -0.405649334192 
-0.0900469571352 -0.140449956059 -0.35663074255 
-0.0907452404499 0.144544586539 -0.363250494003 
-0.0907452404499 0.144544586539 -0.363250494003 
0.280887812376 0.143712207675 -0.0631097778678 
0.102098383009 0.40017592907 -0.211857900023 
0.280887812376 0.143712207675 -0.0631097778678 
0.521684467793 -0.0975034087896 -0.0875327885151 
0.243379041553 0.334833443165 -0.0804952606559 
-0.0989270210266 -0.301869183779 -0.405649334192 
-0.0883708968759 -0.345443367958 -0.286417394876 
-0.0900469571352 -0.140449956059 -0.35663074255 
-0.390414953232 -0.312207400799 -0.856768786907 
-0.0989270210266 -0.301869183779 -0.405649334192 
-0.338839322329 -0.141258269548 -0.974587142467 
-0.0989270210266 -0.301869183779 -0.405649334192 
-0.185576170683 -0.144937887788 -0.579773068428 
-0.338839322329 -0.141258269548 -0.974587142467 
0.191626816988 -0.347677975893 -0.0963769108057 
0.220650672913 -0.407472282648 -0.09641851484779999 
0.275069862604 -0.142408788204 -0.06651092320679999 
0.275069862604 -0.142408788204 -0.06651092320679999 
0.220650672913 -0.407472282648 -0.09641851484779999 
0.521684467793 -0.0975034087896 -0.0875327885151 
0.275069862604 -0.142408788204 -0.06651092320679999 
0.521684467793 -0.0975034087896 -0.0875327885151 
0.280887812376 0.143712207675 -0.0631097778678 
-0.0989270210266 -0.301869183779 -0.405649334192 
-0.390414953232 -0.312207400799 -0.856768786907 
-0.221360817552 -0.372522890568 -0.486144155264 
0.29376655817 -0.143093436956 -0.670702338219 
0.276867538691 0.0651812553406 -0.53701788187 
0.292267590761 -0.254640221596 -0.585075139999 
0.276867538691 0.0651812553406 -0.53701788187 
0.304085075855 -0.215361341834 -0.410744309425 
0.292267590761 -0.254640221596 -0.585075139999 
0.29376655817 -0.143093436956 -0.670702338219 
0.292267590761 -0.254640221596 -0.585075139999 
0.286610126495 -0.288819640875 -0.99272030592 
0.271626800299 -0.420733571053 -0.206395253539 
0.168967962265 -0.331338316202 -0.425573408604 
0.304085075855 -0.215361341834 -0.410744309425 
0.304085075855 -0.215361341834 -0.410744309425 
0.168967962265 -0.331338316202 -0.425573408604 
0.292267590761 -0.254640221596 -0.585075139999 
0.0209712348878 -0.346095144749 -0.587216258049 
-0.221360817552 -0.372522890568 -0.486144155264 
-0.375337660313 -0.459928810596 -0.894285559654 
0.286610126495 -0.288819640875 -0.99272030592 
0.174629360437 -0.287358701229 -1.19972681999 
0.307866752148 -0.13951267302 -1.12286007404 
-0.375337660313 -0.459928810596 -0.894285559654 
-0.0606079101562 -0.291363060474 -1.2253433466 
-1.06811523892e-06 -0.508015453815 -0.91358846426 
0.174629360437 -0.287358701229 -1.19972681999 
-0.0606079101562 -0.291363060474 -1.2253433466 
0.06978824734690001 -0.142075806856 -1.25504148006 
0.174629360437 -0.287358701229 -1.19972681999 
0.06978824734690001 -0.142075806856 -1.25504148006 
0.196824520826 -0.180510789156 -1.20645749569 
0.06978824734690001 -0.142075806856 -1.25504148006 
-0.0606079101562 -0.291363060474 -1.2253433466 
-0.130401611328 -0.141475468874 -1.24278283119 
0.174629360437 -0.287358701229 -1.19972681999 
0.286610126495 -0.288819640875 -0.99272030592 
-0.0606079101562 -0.291363060474 -1.2253433466 
0.271626800299 -0.420733571053 -0.206395253539 
0.521684467793 -0.0975034087896 -0.0875327885151 
0.220650672913 -0.407472282648 -0.09641851484779999 
-0.338839322329 -0.141258269548 -0.974587142467 
-0.375337660313 -0.459928810596 -0.894285559654 
-0.390414953232 -0.312207400799 -0.856768786907 
-0.390414953232 -0.312207400799 -0.856768786907 
-0.375337660313 -0.459928810596 -0.894285559654 
-0.221360817552 -0.372522890568 -0.486144155264 
0.191626816988 -0.347677975893 -0.0963769108057 
0.275069862604 -0.142408788204 -0.06651092320679999 
-0.0900469571352 -0.140449956059 -0.35663074255 
-0.339251637459 -0.140612259507 -0.977420508862 
-0.18680152297 -0.139882698655 -0.580830991268 
-0.156797260046 -0.140873253345 -0.587812066078 
0.337884098291 -0.143092215061 -0.97021484375 
0.30350407958 -0.143420994282 -0.973873794079 
0.269528031349 -0.144264101982 -0.695755004883 
0.287213742733 -0.155770257115 -1.16350829601 
0.258060306311 -0.157302856445 -1.14732515812 
0.30350407958 -0.143420994282 -0.973873794079 
0.102297969162 -0.163928672671 -1.25382196903 
0.0917718484998 -0.160030439496 -1.22908902168 
0.258060306311 -0.157302856445 -1.14732515812 
-0.126203909516 -0.141510844231 -1.24256491661 
-0.114176020026 -0.141949608922 -1.21898674965 
0.0917718484998 -0.160030439496 -1.22908902168 
-0.126203909516 -0.141510844231 -1.24256491661 
-0.339251637459 -0.140612259507 -0.977420508862 
-0.305918455124 -0.141203820705 -0.98035877943 
-0.181042432785 0.151385188103 -0.583561480045 
-0.151078894734 0.154248192906 -0.589350283146 
-0.156797260046 -0.140873253345 -0.587812066078 
0.328736960888 0.150806754827 -0.974604904652 
0.294481873512 0.151384577155 -0.976366698742 
0.266548454762 0.151292040944 -1.134978652 
-0.170994862914 0.156035229564 -1.19288933277 
-0.155279532075 0.156147152185 -1.17281985283 
-0.329242885113 0.177338659763 -0.947244465351 
0.328736960888 0.150806754827 -0.974604904652 
0.292169213295 0.151927098632 -0.683278739452 
0.264214366674 0.129572972655 -0.708787977695 
-0.293938905001 0.151143953204 -0.847573816776 
-0.364310979843 0.180173292756 -0.942288339138 
-0.329242885113 0.177338659763 -0.947244465351 
-0.181042432785 0.151385188103 -0.583561480045 
-0.251961052418 0.155180349946 -0.839322507381 
-0.151078894734 0.154248192906 -0.589350283146 
0.228218987584 0.151049345732 -1.21825563908 
0.297698348761 0.150559082627 -1.15083920956 
0.266548454762 0.151292040944 -1.134978652 
-0.170994862914 0.156035229564 -1.19288933277 
0.0223497003317 0.151570037007 -1.26079630852 
0.018761748448 0.15289221704 -1.23393917084 
0.0223497003317 0.151570037007 -1.26079630852 
0.228218987584 0.151049345732 -1.21825563908 
0.204010009766 0.151619255543 -1.19565427303 
0.17548365891 -0.142684683204 -0.123411521316 
0.223670452833 -0.144521534443 -0.0748971179128 
0.232260167599 -0.140530437231 -0.0881000235677 
0.223670452833 -0.144521534443 -0.0748971179128 
0.283946633339 0.108657360077 -0.06874933093790001 
0.223039165139 0.136942923069 -0.0834633111954 
-0.160357609391 0.145697206259 -0.6796616315839999 
-0.197686910629 0.145710632205 -0.822987794876 
0.142344295979 0.145668581128 -0.724677205086 
-0.0569512918591 0.145702600479 -0.9245449900629999 
0.0465513989329 0.145692110062 -0.9119727611539999 
0.142344295979 0.145668581128 -0.724677205086 
-0.0569512918591 0.145702600479 -0.9245449900629999 
0.136758297682 0.145675495267 -0.824160754681 
0.142344295979 0.145668581128 -0.724677205086 
0.0465513989329 0.145692110062 -0.9119727611539999 
-0.247449710965 -0.51150226593 -0.828653872013 
-0.301383137703 -0.464517861605 -0.866947829723 
-0.174964591861 -0.473612368107 -0.950582563877 
0.033777769655 -0.46416541934 -0.964114487171 
0.217607587576 -0.311481297016 -0.883337855339 
0.0292499158531 -0.48028087616 -0.784530937672 
0.207479313016 -0.309956759214 -0.8006598949430001 
0.0292499158531 -0.48028087616 -0.784530937672 
0.217607587576 -0.311481297016 -0.883337855339 
-0.0351556688547 -0.374271601439 -0.635642468929 
-0.247449710965 -0.51150226593 -0.828653872013 
0.0292499158531 -0.48028087616 -0.784530937672 
-0.08265703171490001 -0.387222141027 -1.04402291775 
0.033777769655 -0.46416541934 -0.964114487171 
-0.174964591861 -0.473612368107 -0.950582563877 
0.033777769655 -0.46416541934 -0.964114487171 
0.0292499158531 -0.48028087616 -0.784530937672 
-0.247449710965 -0.51150226593 -0.828653872013 
0.158695355058 -0.29233032465 -0.531393885612 
-0.187970235944 -0.414016574621 -0.556216180325 
0.0511730611324 -0.345824927092 -0.643083155155 
0.0497322753072 -0.423181891441 -0.755242526531 
0.0511730611324 -0.345824927092 -0.643083155155 
0.0292499158531 -0.48028087616 -0.784530937672 
-0.247449710965 -0.51150226593 -0.828653872013 
-0.0943647250533 -0.457785695791 -0.767113149166 
-0.301383137703 -0.464517861605 -0.866947829723 
-0.187970235944 -0.414016574621 -0.556216180325 
0.158695355058 -0.29233032465 -0.531393885612 
-0.190865725279 -0.383956342936 -0.585241317749 
-0.313670694828 -0.182189688087 -0.958407878876 
-0.146227300167 0.177810296416 -1.18433594704 
0.0379299148917 0.177810326219 -1.24839699268 
-0.313670694828 0.177810296416 -0.958407878876 
-0.0514834597707 0.185936942697 -1.22251152992 
0.181179657578 0.18568021059 -1.13067162037 
0.206978634 0.145695447922 -1.12511563301 
0.00958121288568 0.150937080383 -0.893392145634 
-0.07849393785 0.151155427098 -1.13108742237 
-0.114033088088 0.145529806614 -0.987471342087 
-0.199671298265 0.185786008835 -0.766184687614 
-0.0514834597707 0.185936942697 -1.22251152992 
-0.142430260777 0.145729392767 -1.19183135033 
0.0725142657757 0.148595094681 -1.14001274109 
0.00958121288568 0.150937080383 -0.893392145634 
0.125705644488 0.145304724574 -0.972832322121 
0.213837116957 -0.14434979856 -1.14081811905 
-0.0449237041175 -0.184436812997 -1.22328603268 
-0.176423028111 -0.144252851605 -1.15152096748 
0.125401303172 -0.144282907248 -0.768525898457 
0.123650759459 -0.184302017093 -0.776552557945 
0.213837116957 -0.14434979856 -1.14081811905 
-0.176423028111 -0.144252851605 -1.15152096748 
-0.198669791222 -0.184231042862 -0.760092556477 
-0.0137587357312 -0.144547939301 -0.325671344995 
0.0489307679236 -0.144309192896 -0.916333913803 
-0.104955591261 -0.144275531173 -1.18410348892 
-0.0359597764909 0.145718842745 -1.20842206478 
0.141685336828 -0.144303411245 -1.15326166153 
-0.152261465788 -0.144287437201 -0.926988482475 
-0.182424381375 0.145726934075 -0.954380691051 
-0.104955591261 -0.144275531173 -1.18410348892 
0.135342478752 -0.144321173429 -0.871627092361 
0.141685336828 -0.144303411245 -1.15326166153 
0.18085680902 0.145689070225 -1.10102045536 
0.135342478752 -0.144321173429 -0.871627092361 
-0.182424381375 0.145726934075 -0.954380691051 
-0.152261465788 -0.144287437201 -0.926988482475 
-0.160357609391 0.145697206259 -0.6796616315839999 
0.14403167367 0.145693182945 -0.7227522730830001 
0.0083328243345 0.145358353853 -0.346105337143 
-0.00224914541468 -0.144304990768 -0.907688438892 
-0.206076771021 0.18571472168 -0.873093724251 
-0.147668153048 0.185721158981 -0.642613530159 
0.141201630235 0.185684740543 -0.7299761772160001 
-0.169140771031 0.18572743237 -1.12589716911 
0.181179657578 0.18568021059 -1.13067162037 
-0.0514834597707 0.185936942697 -1.22251152992 
0.202469423413 0.185679242015 -0.985674738884 
-0.204287543893 -0.184282362461 -0.921802222729 
0.140293896198 -0.184323206544 -0.848814070225 
-0.0449237041175 -0.184436812997 -1.22328603268 
0.178442686796 -0.184496060014 -1.13306391239 
-0.15838713944 -0.184272229671 -1.14985990524 
-0.199671298265 0.185786008835 -0.766184687614 
-0.186822906137 0.145759388804 -0.729738116264 
0.0173355098814 0.185255408287 -0.345773011446 
0.14312005043 0.185726195574 -0.806906104088 
0.277233272791 0.185332372785 -0.497404009104 
0.120572790504 0.145710811019 -0.7827847003940001 
0.123650759459 -0.184302017093 -0.776552557945 
0.125401303172 -0.144282907248 -0.768525898457 
0.277154386044 -0.184681788087 -0.497656017542 
-0.167410954833 -0.144272014499 -0.685829162598 
0.0175126455724 -0.144734367728 -0.347584843636 
0.133630365133 -0.144337281585 -0.753784179688 
-0.147668153048 0.185721158981 -0.642613530159 
0.0173218343407 0.185265377164 -0.347111195326 
0.141201630235 0.185684740543 -0.7299761772160001 
-0.167384952307 -0.184271886945 -0.685799717903 
0.141175985336 -0.184315443039 -0.729947507381 
0.017507513985 -0.184734344482 -0.347626596689 
-0.0371842756867 0.2224252671 -0.000218524932279 
-0.0143012804911 0.228255450726 0.0360073857009 
-0.0351546704769 0.230441883206 0.008832893334330001 
-0.0404265113175 -0.227287665009 -0.0224972572178 
-0.00638089329004 -0.227392852306 0.0463904291391 
-0.0400635823607 -0.195259094238 -0.0256604142487 
-0.0033370803576 0.19539269805 -0.0470326654613 
-0.0391332134604 0.195494741201 0.0220442581922 
-0.0455309003592 0.227545693517 -0.0194911565632 
0.0419828779995 -0.227532312274 -0.0217183101922 
-0.0404265113175 -0.227287665009 -0.0224972572178 
-0.0400635823607 -0.195259094238 -0.0256604142487 
0.0308056343347 -0.195469260216 -0.0293983835727 
0.0419828779995 -0.227532312274 -0.0217183101922 
-0.0400635823607 -0.195259094238 -0.0256604142487 
-0.0033370803576 0.19539269805 -0.0470326654613 
0.0368864908814 0.227301165462 -0.0230697244406 
0.0383990295231 0.195264071226 0.0307766329497 
0.0146335726604 -0.195425882936 0.0482174381614 
0.0419828779995 -0.227532312274 -0.0217183101922 
0.0308056343347 -0.195469260216 -0.0293983835727 
0.02188516967 0.22734183073 0.0419306755066 
0.0383990295231 0.195264071226 0.0307766329497 
0.0368864908814 0.227301165462 -0.0230697244406 
-0.00638089329004 -0.227392852306 0.0463904291391 
0.0419828779995 -0.227532312274 -0.0217183101922 
0.0146335726604 -0.195425882936 0.0482174381614 
0.0383990295231 0.195264071226 0.0307766329497 
0.02188516967 0.22734183073 0.0419306755066 
-0.0391332134604 0.195494741201 0.0220442581922 
-0.0455309003592 0.227545693517 -0.0194911565632 
-0.0391332134604 0.195494741201 0.0220442581922 
0.02188516967 0.22734183073 0.0419306755066 
-0.016790933907 -0.195331916213 0.0390344001353 
-0.07472904026509999 0.195600599051 0.0176379587501 
-0.0624885931611 0.195567712188 -0.0389065556228 
-0.043548066169 0.195509597659 -0.00303831812926 
0.00118483195547 0.195380985737 -0.07838621735570001 
0.037394117564 -0.195489600301 -0.0163265801966 
0.0687761381269 -0.195582196116 -0.030395431444 
0.037394117564 -0.195489600301 -0.0163265801966 
-0.016790933907 -0.195331916213 0.0390344001353 
0.0311562810093 0.195285379887 0.0315744020045 
-0.0509899370372 -0.143912807107 -0.076271481812 
-0.0811676234007 -0.195139423013 0.0131217548624 
-0.0313067920506 -0.143980398774 0.074008949101 
-0.0459375083447 0.195520937443 -0.076203301549 
-0.0878110900521 0.144330337644 -0.00889196898788 
-0.02444678545 0.195447459817 0.0819854214787 
-0.0811676234007 -0.195139423013 0.0131217548624 
-0.0509899370372 -0.143912807107 -0.076271481812 
0.0319930016994 -0.195469483733 -0.0838427171111 
0.0559667535126 0.143906801939 -0.0633625090122 
-0.0878110900521 0.144330337644 -0.00889196898788 
-0.0459375083447 0.195520937443 -0.076203301549 
0.0319930016994 -0.195469483733 -0.0838427171111 
0.0797741189599 -0.144307076931 0.0243406575173 
0.036691121757 -0.195493236184 0.0789050534368 
0.0391368865967 0.143948242068 0.0760802701116 
0.0559667535126 0.143906801939 -0.0633625090122 
0.0813700854778 0.195138320327 0.000679318909533 
-0.0878110900521 0.144330337644 -0.00889196898788 
0.0391368865967 0.143948242068 0.0760802701116 
-0.02444678545 0.195447459817 0.0819854214787 
-0.0301290880889 -0.143983319402 0.0708148404956 
-0.0416580587626 0.144186541438 0.100005112588 
-0.107087798417 -0.143752500415 0.0246674921364 
0.00125145493075 0.144071981311 -0.111272424459 
-0.08890143781900001 0.144336596131 -0.0553748309612 
0.0689284279943 -0.144271567464 -0.0303920935839 
0.0689284279943 -0.144271567464 -0.0303920935839 
0.0554043091834 -0.144236564636 0.0571339316666 
-0.0301290880889 -0.143983319402 0.0708148404956 
0.203338548541 -0.140653088689 -0.242182999849 
0.000407662650105 -0.139956951141 -0.111289724708 
0.0982666015625 -0.140233650804 -0.343747258186 
0.0977505818009 -0.140250071883 -0.0433074571192 
0.000407662650105 -0.139956951141 -0.111289724708 
0.203338548541 -0.140653088689 -0.242182999849 
0.204170063138 0.139495745301 -0.242166250944 
0.0985816866159 0.1396728158 -0.0432902909815 
0.261207967997 0.138337671757 -0.0569138750434 
0.261207967997 0.138337671757 -0.0569138750434 
0.0985816866159 0.1396728158 -0.0432902909815 
0.192610159516 0.139383926988 0.114390715957 
0.07860202342269999 -0.140200808644 0.0806181132793 
0.0977505818009 -0.140250071883 -0.0433074571192 
0.191779240966 -0.140538722277 0.114373467863 
0.0794330388308 0.139722198248 0.080635048449 
0.192610159516 0.139383926988 0.114390715957 
0.0985816866159 0.1396728158 -0.0432902909815 
0.046962659806 0.139809817076 0.22236135602 
0.0990979000926 0.139689654112 -0.343730449677 
0.001238953555 0.139965936542 -0.111272573471 
0.204170063138 0.139495745301 -0.242166250944 
0.264845401049 0.140657395124 -0.240690305829 
0.204170063138 0.139495745301 -0.242166250944 
0.261207967997 0.138337671757 -0.0569138750434 
-0.214663341641 -0.139332205057 0.11274497956 
-0.234509810805 0.140656009316 0.0498379059136 
-0.0801617950201 -0.139698460698 -0.430131524801 
0.235737890005 -0.140659362078 -0.0483386740088 
0.233044192195 0.139273911715 -0.0491240695119 
0.127756789327 0.139569759369 0.226232230663 
-0.214663341641 -0.139332205057 0.11274497956 
0.100353121758 -0.140273630619 0.218008175492 
0.127756789327 0.139569759369 0.226232230663 
-0.234509810805 0.140656009316 0.0498379059136 
-0.214663341641 -0.139332205057 0.11274497956 
0.127756789327 0.139569759369 0.226232230663 
0.259521901608 -0.140931352973 -0.246487379074 
-0.0494076535106 -0.139790564775 -0.419551372528 
-0.0516617968678 0.140141412616 -0.413826853037 
0.270305037498 0.139653488994 -0.0528846867383 
0.268797755241 -0.14124789834 -0.0527979172766 
0.264005571604 -0.142197906971 -0.240707620978 
0.270153790712 0.27199369669 -0.460762023926 
0.521684467793 -0.0975034087896 -0.0875327885151 
0.304085075855 -0.215361341834 -0.410744309425 
0.158365473151 0.296652674675 -1.201171875 
-0.112550653517 0.23153410852 -1.24396574497 
-0.305511474609 0.381339520216 -1.00365412235 
0.08360683172940001 0.36344280839 -0.937178254128 
0.274958491325 0.266355544329 -1.05019712448 
0.158365473151 0.296652674675 -1.201171875 
0.102098383009 0.40017592907 -0.211857900023 
0.243379041553 0.334833443165 -0.0804952606559 
0.270153790712 0.27199369669 -0.460762023926 
0.08360683172940001 0.36344280839 -0.937178254128 
-0.0445954874158 0.396076411009 -0.250758290291 
0.270153790712 0.27199369669 -0.460762023926 
0.316812723875 0.147679656744 -1.14468455315 
0.274958491325 0.266355544329 -1.05019712448 
0.288422554731 0.149799883366 -0.671332776546 
-0.326378703117 0.151699796319 -1.00667703152 
-0.356618314981 0.189021468163 -0.938941299915 
-0.305511474609 0.381339520216 -1.00365412235 
-0.0445954874158 0.396076411009 -0.250758290291 
-0.38506102562 0.399088859558 -0.716639697552 
-0.103644475341 0.337778806686 -0.346895813942 
-0.103644475341 0.337778806686 -0.346895813942 
-0.38506102562 0.399088859558 -0.716639697552 
-0.356618314981 0.189021468163 -0.938941299915 
-0.103644475341 0.337778806686 -0.346895813942 
-0.185576170683 -0.144937887788 -0.579773068428 
-0.0989270210266 -0.301869183779 -0.405649334192 
-0.103644475341 0.337778806686 -0.346895813942 
-0.0989270210266 -0.301869183779 -0.405649334192 
-0.0907452404499 0.144544586539 -0.363250494003 
-0.103644475341 0.337778806686 -0.346895813942 
-0.0907452404499 0.144544586539 -0.363250494003 
-0.0445954874158 0.396076411009 -0.250758290291 
-0.0445954874158 0.396076411009 -0.250758290291 
-0.0907452404499 0.144544586539 -0.363250494003 
0.102098383009 0.40017592907 -0.211857900023 
0.102098383009 0.40017592907 -0.211857900023 
0.280887812376 0.143712207675 -0.0631097778678 
0.243379041553 0.334833443165 -0.0804952606559 
-0.103644475341 0.337778806686 -0.346895813942 
-0.356618314981 0.189021468163 -0.938941299915 
-0.318942368031 0.149938434362 -0.894840240479 
-0.103644475341 0.337778806686 -0.346895813942 
-0.318942368031 0.149938434362 -0.894840240479 
-0.180572122335 0.153848811984 -0.58394241333 
-0.0883708968759 -0.345443367958 -0.286417394876 
-0.0989270210266 -0.301869183779 -0.405649334192 
-0.221360817552 -0.372522890568 -0.486144155264 
0.29376655817 -0.143093436956 -0.670702338219 
0.288422554731 0.149799883366 -0.671332776546 
0.276867538691 0.0651812553406 -0.53701788187 
0.307866752148 -0.13951267302 -1.12286007404 
0.29376655817 -0.143093436956 -0.670702338219 
0.286610126495 -0.288819640875 -0.99272030592 
-0.112550653517 0.23153410852 -1.24396574497 
0.158365473151 0.296652674675 -1.201171875 
-0.063405148685 0.157172605395 -1.24292051792 
0.316812723875 0.147679656744 -1.14468455315 
-0.063405148685 0.157172605395 -1.24292051792 
0.158365473151 0.296652674675 -1.201171875 
-0.221360817552 -0.372522890568 -0.486144155264 
0.168967962265 -0.331338316202 -0.425573408604 
0.0405467934906 -0.509980738163 -0.21026237309 
0.168967962265 -0.331338316202 -0.425573408604 
-0.221360817552 -0.372522890568 -0.486144155264 
0.0209712348878 -0.346095144749 -0.587216258049 
0.521684467793 -0.0975034087896 -0.0875327885151 
0.271626800299 -0.420733571053 -0.206395253539 
0.304085075855 -0.215361341834 -0.410744309425 
0.292267590761 -0.254640221596 -0.585075139999 
0.0209712348878 -0.346095144749 -0.587216258049 
-1.06811523892e-06 -0.508015453815 -0.91358846426 
0.286610126495 -0.288819640875 -0.99272030592 
0.292267590761 -0.254640221596 -0.585075139999 
-1.06811523892e-06 -0.508015453815 -0.91358846426 
-1.06811523892e-06 -0.508015453815 -0.91358846426 
0.0209712348878 -0.346095144749 -0.587216258049 
-0.375337660313 -0.459928810596 -0.894285559654 
0.292267590761 -0.254640221596 -0.585075139999 
0.168967962265 -0.331338316202 -0.425573408604 
0.0209712348878 -0.346095144749 -0.587216258049 
0.307866752148 -0.13951267302 -1.12286007404 
0.174629360437 -0.287358701229 -1.19972681999 
0.196824520826 -0.180510789156 -1.20645749569 
-1.06811523892e-06 -0.508015453815 -0.91358846426 
-0.0606079101562 -0.291363060474 -1.2253433466 
0.286610126495 -0.288819640875 -0.99272030592 
-0.130401611328 -0.141475468874 -1.24278283119 
-0.375337660313 -0.459928810596 -0.894285559654 
-0.338839322329 -0.141258269548 -0.974587142467 
-0.130401611328 -0.141475468874 -1.24278283119 
-0.0606079101562 -0.291363060474 -1.2253433466 
-0.375337660313 -0.459928810596 -0.894285559654 
0.0405467934906 -0.509980738163 -0.21026237309 
0.168967962265 -0.331338316202 -0.425573408604 
0.271626800299 -0.420733571053 -0.206395253539 
-0.221360817552 -0.372522890568 -0.486144155264 
0.0405467934906 -0.509980738163 -0.21026237309 
-0.0883708968759 -0.345443367958 -0.286417394876 
0.220650672913 -0.407472282648 -0.09641851484779999 
0.0405467934906 -0.509980738163 -0.21026237309 
0.271626800299 -0.420733571053 -0.206395253539 
0.191626816988 -0.347677975893 -0.0963769108057 
-0.0883708968759 -0.345443367958 -0.286417394876 
0.0405467934906 -0.509980738163 -0.21026237309 
0.0405467934906 -0.509980738163 -0.21026237309 
0.220650672913 -0.407472282648 -0.09641851484779999 
0.191626816988 -0.347677975893 -0.0963769108057 
-0.0883708968759 -0.345443367958 -0.286417394876 
0.191626816988 -0.347677975893 -0.0963769108057 
-0.0900469571352 -0.140449956059 -0.35663074255 
-0.305918455124 -0.141203820705 -0.98035877943 
-0.339251637459 -0.140612259507 -0.977420508862 
-0.156797260046 -0.140873253345 -0.587812066078 
0.288763582706 -0.0898960083723 -0.6555880308149999 
0.337884098291 -0.143092215061 -0.97021484375 
0.269528031349 -0.144264101982 -0.695755004883 
0.337884098291 -0.143092215061 -0.97021484375 
0.287213742733 -0.155770257115 -1.16350829601 
0.30350407958 -0.143420994282 -0.973873794079 
0.287213742733 -0.155770257115 -1.16350829601 
0.102297969162 -0.163928672671 -1.25382196903 
0.258060306311 -0.157302856445 -1.14732515812 
0.102297969162 -0.163928672671 -1.25382196903 
-0.126203909516 -0.141510844231 -1.24256491661 
0.0917718484998 -0.160030439496 -1.22908902168 
-0.114176020026 -0.141949608922 -1.21898674965 
-0.126203909516 -0.141510844231 -1.24256491661 
-0.305918455124 -0.141203820705 -0.98035877943 
0.292169213295 0.151927098632 -0.683278739452 
0.288763582706 -0.0898960083723 -0.6555880308149999 
0.264214366674 0.129572972655 -0.708787977695 
-0.18680152297 -0.139882698655 -0.580830991268 
-0.181042432785 0.151385188103 -0.583561480045 
-0.156797260046 -0.140873253345 -0.587812066078 
0.264214366674 0.129572972655 -0.708787977695 
0.288763582706 -0.0898960083723 -0.6555880308149999 
0.269528031349 -0.144264101982 -0.695755004883 
0.297698348761 0.150559082627 -1.15083920956 
0.328736960888 0.150806754827 -0.974604904652 
0.266548454762 0.151292040944 -1.134978652 
-0.364310979843 0.180173292756 -0.942288339138 
-0.170994862914 0.156035229564 -1.19288933277 
-0.329242885113 0.177338659763 -0.947244465351 
0.294481873512 0.151384577155 -0.976366698742 
0.328736960888 0.150806754827 -0.974604904652 
0.264214366674 0.129572972655 -0.708787977695 
-0.251961052418 0.155180349946 -0.839322507381 
-0.293938905001 0.151143953204 -0.847573816776 
-0.329242885113 0.177338659763 -0.947244465351 
-0.181042432785 0.151385188103 -0.583561480045 
-0.293938905001 0.151143953204 -0.847573816776 
-0.251961052418 0.155180349946 -0.839322507381 
0.204010009766 0.151619255543 -1.19565427303 
0.228218987584 0.151049345732 -1.21825563908 
0.266548454762 0.151292040944 -1.134978652 
-0.155279532075 0.156147152185 -1.17281985283 
-0.170994862914 0.156035229564 -1.19288933277 
0.018761748448 0.15289221704 -1.23393917084 
0.018761748448 0.15289221704 -1.23393917084 
0.0223497003317 0.151570037007 -1.26079630852 
0.204010009766 0.151619255543 -1.19565427303 
0.232260167599 -0.140530437231 -0.0881000235677 
0.223670452833 -0.144521534443 -0.0748971179128 
0.223039165139 0.136942923069 -0.0834633111954 
0.0511730611324 -0.345824927092 -0.643083155155 
-0.0351556688547 -0.374271601439 -0.635642468929 
0.0292499158531 -0.48028087616 -0.784530937672 
-0.174964591861 -0.473612368107 -0.950582563877 
0.033777769655 -0.46416541934 -0.964114487171 
-0.247449710965 -0.51150226593 -0.828653872013 
-0.0351556688547 -0.374271601439 -0.635642468929 
0.0511730611324 -0.345824927092 -0.643083155155 
-0.187970235944 -0.414016574621 -0.556216180325 
0.0511730611324 -0.345824927092 -0.643083155155 
0.185530126095 -0.287694454193 -0.601017653942 
0.158695355058 -0.29233032465 -0.531393885612 
-0.247449710965 -0.51150226593 -0.828653872013 
-0.0351556688547 -0.374271601439 -0.635642468929 
-0.0943647250533 -0.457785695791 -0.767113149166 
-0.187970235944 -0.414016574621 -0.556216180325 
-0.190865725279 -0.383956342936 -0.585241317749 
-0.0351556688547 -0.374271601439 -0.635642468929 
0.0292499158531 -0.48028087616 -0.784530937672 
0.207479313016 -0.309956759214 -0.8006598949430001 
0.0497322753072 -0.423181891441 -0.755242526531 
3 222 252 253 
3 261 258 289 
3 377 404 408 
3 252 263 289 
3 263 252 222 
3 371 328 253 
3 404 257 408 
3 328 374 339 
3 399 261 302 
3 399 258 261 
3 636 222 253 
3 312 636 253 
3 341 399 302 
3 341 439 431 
3 439 341 712 
3 288 261 289 
3 186 288 289 
3 288 186 261 
3 622 186 289 
3 263 622 289 
3 622 263 222 
3 186 622 190 
3 629 186 190 
3 712 629 190 
3 341 629 712 
3 629 341 302 
3 261 629 302 
3 352 348 408 
3 348 377 408 
3 377 345 339 
3 341 345 352 
3 345 341 431 
3 329 312 253 
3 328 329 253 
3 312 329 712 
3 257 651 408 
3 651 257 258 
3 407 651 258 
3 651 352 408 
3 651 407 352 
3 258 274 289 
3 257 274 258 
3 274 257 245 
3 274 252 289 
3 252 274 245 
3 340 328 371 
3 340 374 328 
3 340 371 253 
3 349 377 339 
3 374 349 339 
3 377 349 404 
3 349 374 404 
3 368 341 352 
3 341 368 399 
3 636 210 222 
3 210 622 222 
3 622 210 190 
3 210 712 190 
3 210 312 712 
3 210 636 312 
3 186 630 261 
3 630 629 261 
3 629 630 186 
3 348 4 377 
3 4 345 377 
3 4 348 352 
3 345 4 352 
3 343 329 328 
3 329 343 712 
3 343 328 339 
3 345 343 339 
3 343 345 431 
3 343 439 712 
3 439 343 431 
3 707 340 253 
3 252 707 253 
3 707 252 245 
3 374 707 404 
3 340 707 374 
3 257 707 245 
3 707 257 404 
3 407 268 352 
3 268 368 352 
3 368 268 399 
3 268 407 258 
3 399 268 258 
Vertices and facets:
- p252(v13):  0.43  0.26 -0.12
- p222(v10):  0.13  0.14  0.23
- p253(v1):  0.52 -0.098 -0.088
- p258(v16): -0.31  0.38    -1
- p261(v7): -0.39   0.4 -0.72
- p289(v2):   0.1   0.4 -0.21
- p377(v20):   0.1 -0.16  -1.3
- p404(v15):  0.23  0.15  -1.2
- p408(v3): 0.022  0.15  -1.3
- p263(v22):  0.24  0.33 -0.08
- p328(v23):  0.29 -0.29 -0.99
- p371(v14):  0.34 -0.14 -0.97
- p257(v25):  0.16   0.3  -1.2
- p374(v26):  0.29 -0.16  -1.2
- p339(v6):  0.17 -0.29  -1.2
- p399(v28): -0.36  0.18 -0.94
- p302(v0): -0.39 -0.31 -0.86
- p636(v29):   0.1 -0.14  0.22
- p312(v17):  0.22 -0.41 -0.096
- p341(v30): -0.38 -0.46 -0.89
- p439(v21): -0.25 -0.51 -0.83
- p431(v18): -0.17 -0.47 -0.95
- p712(v9): 0.041 -0.51 -0.21
- p288(v31): -0.045   0.4 -0.25
- p186(v19): -0.16  0.14  0.16
- p622(v32): 0.047  0.14  0.22
- p190(v5): -0.17 -0.14  0.16
- p629(v33): -0.21 -0.14  0.11
- p348(v34):  0.07 -0.14  -1.3
- p352(v11): -0.13 -0.14  -1.2
- p345(v35): -0.061 -0.29  -1.2
- p329(v36):  0.27 -0.42 -0.21
- p651(v38): -0.11  0.23  -1.2
- p407(v27): -0.17  0.16  -1.2
- p274(v39): 0.084  0.36 -0.94
- p245(v8):  0.27  0.27  -1.1
- p340(v40):  0.31 -0.14  -1.1
- p349(v41):   0.2 -0.18  -1.2
- p368(v42): -0.34 -0.14 -0.98
- p210(v43): 0.046 -0.14  0.22
- p630(v44): -0.23  0.14  0.05
- p4(v45): 0.038 -0.18  -1.2
- p343(v46): -1.1e-06 -0.51 -0.91
- p707(v47):  0.32  0.15  -1.1
- p268(v48): -0.33  0.15    -1
- f38
    - flags: bottom simplicial
    - normal:    0.6886   0.2375   0.6851
    - offset: -0.2761188
    - vertices: p252(v13) p222(v10) p253(v1)
    - neighboring facets: f112 f199 f78
- f49
    - flags: bottom simplicial
    - normal:   0.04794   0.9977 -0.04841
    - offset: -0.4143967
    - vertices: p258(v16) p261(v7) p289(v2)
    - neighboring facets: f122 f159 f105
- f69
    - flags: top simplicial
    - normal:    0.2023  0.02964  -0.9789
    - offset:  -1.243164
    - vertices: p377(v20) p404(v15) p408(v3)
    - neighboring facets: f90 f138 f172
- f77
    - flags: bottom simplicial
    - normal:    0.3724   0.9261  0.06013
    - offset:  -0.395894
    - vertices: p263(v22) p252(v13) p289(v2)
    - neighboring facets: f162 f126 f78
- f78
    - flags: top simplicial
    - normal:    0.3978   0.6986   0.5947
    - offset: -0.2828688
    - vertices: p263(v22) p252(v13) p222(v10)
    - neighboring facets: f38 f127 f77
- f79
    - flags: bottom simplicial
    - normal:    0.9364  -0.3018  -0.1794
    - offset: -0.5336074
    - vertices: p328(v23) p371(v14) p253(v1)
    - neighboring facets: f166 f147 f164
- f90
    - flags: bottom simplicial
    - normal:    0.1985   0.2076  -0.9579
    - offset:  -1.243581
    - vertices: p257(v25) p404(v15) p408(v3)
    - neighboring facets: f69 f154 f204
- f95
    - flags: bottom simplicial
    - normal:    0.7463  -0.5264  -0.4074
    - offset:  -0.770374
    - vertices: p374(v26) p328(v23) p339(v6)
    - neighboring facets: f193 f171 f165
- f104
    - flags: top simplicial
    - normal:   -0.9921  0.03145  -0.1217
    - offset: -0.4818001
    - vertices: p399(v28) p261(v7) p302(v0)
    - neighboring facets: f136 f115 f105
- f105
    - flags: top simplicial
    - normal:   -0.9426   0.1922  -0.2731
    - offset: -0.6353911
    - vertices: p399(v28) p258(v16) p261(v7)
    - neighboring facets: f49 f104 f209
- f112
    - flags: top simplicial
    - normal:    0.5905 -0.08142   0.8029
    - offset:  -0.245722
    - vertices: p636(v29) p222(v10) p253(v1)
    - neighboring facets: f38 f113 f178
- f113
    - flags: bottom simplicial
    - normal:     0.531  -0.5346   0.6574
    - offset:  -0.271606
    - vertices: p636(v29) p312(v17) p253(v1)
    - neighboring facets: f146 f112 f183
- f115
    - flags: top simplicial
    - normal:   -0.9401 -0.009371  -0.3409
    - offset: -0.6620044
    - vertices: p341(v30) p399(v28) p302(v0)
    - neighboring facets: f104 f135 f175
- f117
    - flags: top simplicial
    - normal:   -0.1696   -0.908   -0.383
    - offset: -0.8238215
    - vertices: p341(v30) p439(v21) p431(v18)
    - neighboring facets: f197 f145 f121
- f121
    - flags: bottom simplicial
    - normal:   -0.4583  -0.8622   0.2156
    - offset: -0.3758071
    - vertices: p341(v30) p439(v21) p712(v9)
    - neighboring facets: f196 f134 f117
- f122
    - flags: top simplicial
    - normal:  -0.03675   0.9988  0.03331
    - offset: -0.3888745
    - vertices: p288(v31) p261(v7) p289(v2)
    - neighboring facets: f49 f123 f124
- f123
    - flags: bottom simplicial
    - normal:   -0.1539   0.8581   0.4899
    - offset: -0.2238688
    - vertices: p288(v31) p186(v19) p289(v2)
    - neighboring facets: f125 f122 f124
- f124
    - flags: top simplicial
    - normal:    -0.482   0.7999   0.3574
    - offset: -0.2487003
    - vertices: p288(v31) p186(v19) p261(v7)
    - neighboring facets: f184 f122 f123
- f125
    - flags: top simplicial
    - normal:   -0.1451   0.8566   0.4952
    - offset: -0.2230523
    - vertices: p622(v32) p186(v19) p289(v2)
    - neighboring facets: f123 f126 f128
- f126
    - flags: bottom simplicial
    - normal:  -0.07304   0.8594    0.506
    - offset: -0.2292483
    - vertices: p622(v32) p263(v22) p289(v2)
    - neighboring facets: f77 f125 f127
- f127
    - flags: top simplicial
    - normal:  -0.02291   0.8472   0.5307
    - offset: -0.2353877
    - vertices: p622(v32) p263(v22) p222(v10)
    - neighboring facets: f78 f179 f126
- f128
    - flags: bottom simplicial
    - normal:   -0.2858 0.0007921   0.9583
    - offset:  -0.199772
    - vertices: p622(v32) p186(v19) p190(v5)
    - neighboring facets: f131 f180 f125
- f131
    - flags: top simplicial
    - normal:   -0.6878 0.001999   0.7259
    - offset: -0.2292105
    - vertices: p629(v33) p186(v19) p190(v5)
    - neighboring facets: f128 f133 f186
- f133
    - flags: bottom simplicial
    - normal:   -0.4625  -0.7417   0.4857
    - offset: -0.2573914
    - vertices: p629(v33) p712(v9) p190(v5)
    - neighboring facets: f181 f131 f134
- f134
    - flags: bottom simplicial
    - normal:   -0.6218  -0.7122   0.3259
    - offset: -0.2694453
    - vertices: p629(v33) p341(v30) p712(v9)
    - neighboring facets: f121 f133 f135
- f135
    - flags: top simplicial
    - normal:   -0.9678  -0.1501   0.2022
    - offset: -0.2514597
    - vertices: p629(v33) p341(v30) p302(v0)
    - neighboring facets: f115 f136 f134
- f136
    - flags: bottom simplicial
    - normal:   -0.9826  -0.0287   0.1833
    - offset: -0.2355984
    - vertices: p629(v33) p261(v7) p302(v0)
    - neighboring facets: f104 f135 f185
- f137
    - flags: bottom simplicial
    - normal:  -0.06118 -0.02944  -0.9977
    - offset:  -1.252058
    - vertices: p348(v34) p352(v11) p408(v3)
    - neighboring facets: f157 f138 f189
- f138
    - flags: top simplicial
    - normal:   0.02729 -0.01518  -0.9995
    - offset:  -1.258491
    - vertices: p348(v34) p377(v20) p408(v3)
    - neighboring facets: f69 f137 f187
- f140
    - flags: bottom simplicial
    - normal:    0.1074  -0.3456  -0.9322
    - offset:  -1.236467
    - vertices: p345(v35) p377(v20) p339(v6)
    - neighboring facets: f170 f194 f188
- f144
    - flags: bottom simplicial
    - normal:   -0.5803  -0.3555  -0.7327
    - offset:   -1.03656
    - vertices: p345(v35) p341(v30) p352(v11)
    - neighboring facets: f174 f190 f145
- f145
    - flags: top simplicial
    - normal:   -0.2214  -0.7677  -0.6014
    - offset: -0.9739643
    - vertices: p345(v35) p341(v30) p431(v18)
    - neighboring facets: f117 f195 f144
- f146
    - flags: top simplicial
    - normal:    0.6572  -0.6492   0.3829
    - offset: -0.3726298
    - vertices: p329(v36) p312(v17) p253(v1)
    - neighboring facets: f113 f147 f148
- f147
    - flags: bottom simplicial
    - normal:    0.8028  -0.5903 -0.08373
    - offset: -0.4837099
    - vertices: p329(v36) p328(v23) p253(v1)
    - neighboring facets: f79 f146 f191
- f148
    - flags: bottom simplicial
    - normal:    0.3432  -0.9003   0.2677
    - offset: -0.4167775
    - vertices: p329(v36) p312(v17) p712(v9)
    - neighboring facets: f182 f192 f146
- f154
    - flags: bottom simplicial
    - normal:   0.07215   0.3205  -0.9445
    - offset:  -1.241005
    - vertices: p651(v38) p257(v25) p408(v3)
    - neighboring facets: f90 f157 f155
- f155
    - flags: top simplicial
    - normal:   -0.1014   0.8056  -0.5837
    - offset: -0.9240149
    - vertices: p651(v38) p257(v25) p258(v16)
    - neighboring facets: f160 f156 f154
- f156
    - flags: bottom simplicial
    - normal:   -0.7364   0.1196  -0.6659
    - offset: -0.9388938
    - vertices: p651(v38) p407(v27) p258(v16)
    - neighboring facets: f208 f155 f158
- f157
    - flags: top simplicial
    - normal:   -0.1222 0.002702  -0.9925
    - offset:  -1.249016
    - vertices: p651(v38) p352(v11) p408(v3)
    - neighboring facets: f137 f154 f158
- f158
    - flags: top simplicial
    - normal:   -0.6796   0.0302   -0.733
    - offset: -0.9952769
    - vertices: p651(v38) p407(v27) p352(v11)
    - neighboring facets: f205 f157 f156
- f159
    - flags: bottom simplicial
    - normal:   0.05473   0.9972 -0.05189
    - offset: -0.4156181
    - vertices: p274(v39) p258(v16) p289(v2)
    - neighboring facets: f49 f162 f160
- f160
    - flags: bottom simplicial
    - normal:   0.08267   0.9715  -0.2224
    - offset: -0.5683756
    - vertices: p274(v39) p257(v25) p258(v16)
    - neighboring facets: f155 f159 f161
- f161
    - flags: top simplicial
    - normal:    0.3921   0.9121  -0.1197
    - offset: -0.4764957
    - vertices: p274(v39) p257(v25) p245(v8)
    - neighboring facets: f203 f163 f160
- f162
    - flags: top simplicial
    - normal:    0.4002   0.9147 -0.05653
    - offset: -0.4188684
    - vertices: p274(v39) p252(v13) p289(v2)
    - neighboring facets: f77 f159 f163
- f163
    - flags: bottom simplicial
    - normal:    0.4201   0.9051 -0.06616
    - offset: -0.4260653
    - vertices: p274(v39) p252(v13) p245(v8)
    - neighboring facets: f200 f161 f162
- f164
    - flags: top simplicial
    - normal:    0.9348  -0.2994  -0.1909
    - offset: -0.5438821
    - vertices: p340(v40) p328(v23) p371(v14)
    - neighboring facets: f79 f166 f165
- f165
    - flags: top simplicial
    - normal:     0.877  -0.3806  -0.2934
    - offset: -0.6525078
    - vertices: p340(v40) p374(v26) p328(v23)
    - neighboring facets: f95 f164 f202
- f166
    - flags: top simplicial
    - normal:    0.9695  -0.1495  -0.1942
    - offset: -0.5373513
    - vertices: p340(v40) p371(v14) p253(v1)
    - neighboring facets: f79 f198 f164
- f170
    - flags: top simplicial
    - normal:     0.423  -0.1442  -0.8946
    - offset:  -1.188577
    - vertices: p349(v41) p377(v20) p339(v6)
    - neighboring facets: f140 f171 f172
- f171
    - flags: bottom simplicial
    - normal:    0.4576  -0.1503  -0.8764
    - offset:  -1.174514
    - vertices: p349(v41) p374(v26) p339(v6)
    - neighboring facets: f95 f170 f173
- f172
    - flags: bottom simplicial
    - normal:    0.4365 -0.07324  -0.8967
    - offset:  -1.180996
    - vertices: p349(v41) p377(v20) p404(v15)
    - neighboring facets: f69 f173 f170
- f173
    - flags: top simplicial
    - normal:    0.4444 -0.07385  -0.8928
    - offset:  -1.177892
    - vertices: p349(v41) p374(v26) p404(v15)
    - neighboring facets: f201 f172 f171
- f174
    - flags: top simplicial
    - normal:   -0.7839 -0.07198  -0.6167
    - offset: -0.8788466
    - vertices: p368(v42) p341(v30) p352(v11)
    - neighboring facets: f144 f206 f175
- f175
    - flags: bottom simplicial
    - normal:   -0.8882 -0.01912   -0.459
    - offset:   -0.75265
    - vertices: p368(v42) p341(v30) p399(v28)
    - neighboring facets: f115 f207 f174
- f178
    - flags: bottom simplicial
    - normal:   0.07955 -0.03706   0.9961
    - offset: -0.2303496
    - vertices: p210(v43) p636(v29) p222(v10)
    - neighboring facets: f112 f179 f183
- f179
    - flags: top simplicial
    - normal:  -0.04786 8.138e-05   0.9989
    - offset: -0.2198706
    - vertices: p210(v43) p622(v32) p222(v10)
    - neighboring facets: f127 f178 f180
- f180
    - flags: bottom simplicial
    - normal:   -0.2858 0.0007902   0.9583
    - offset:  -0.199772
    - vertices: p210(v43) p622(v32) p190(v5)
    - neighboring facets: f128 f181 f179
- f181
    - flags: top simplicial
    - normal:   -0.1928  -0.7446   0.6391
    - offset: -0.2375239
    - vertices: p210(v43) p712(v9) p190(v5)
    - neighboring facets: f133 f180 f182
- f182
    - flags: top simplicial
    - normal:   0.02202    -0.76   0.6495
    - offset: -0.2519221
    - vertices: p210(v43) p312(v17) p712(v9)
    - neighboring facets: f148 f181 f183
- f183
    - flags: top simplicial
    - normal:   0.05038  -0.7515   0.6579
    - offset: -0.2538838
    - vertices: p210(v43) p636(v29) p312(v17)
    - neighboring facets: f113 f182 f178
- f184
    - flags: bottom simplicial
    - normal:   -0.5645   0.7422   0.3611
    - offset: -0.2547842
    - vertices: p630(v44) p186(v19) p261(v7)
    - neighboring facets: f124 f185 f186
- f185
    - flags: top simplicial
    - normal:   -0.9826 -0.02844   0.1834
    - offset: -0.2355755
    - vertices: p630(v44) p629(v33) p261(v7)
    - neighboring facets: f136 f184 f186
- f186
    - flags: bottom simplicial
    - normal:   -0.8417  0.06086   0.5364
    - offset: -0.2326926
    - vertices: p630(v44) p629(v33) p186(v19)
    - neighboring facets: f131 f184 f185
- f187
    - flags: bottom simplicial
    - normal:  -0.04769  -0.1262  -0.9909
    - offset:  -1.258168
    - vertices: p4(v45) p348(v34) p377(v20)
    - neighboring facets: f138 f188 f189
- f188
    - flags: top simplicial
    - normal:  -0.03222  -0.1786  -0.9834
    - offset:  -1.258984
    - vertices: p4(v45) p345(v35) p377(v20)
    - neighboring facets: f140 f187 f190
- f189
    - flags: top simplicial
    - normal:  -0.06106  -0.1157  -0.9914
    - offset:  -1.256433
    - vertices: p4(v45) p348(v34) p352(v11)
    - neighboring facets: f137 f190 f187
- f190
    - flags: bottom simplicial
    - normal:  -0.06838  -0.1467  -0.9868
    - offset:   -1.25607
    - vertices: p4(v45) p345(v35) p352(v11)
    - neighboring facets: f144 f189 f188
- f191
    - flags: top simplicial
    - normal:     0.581  -0.8044  -0.1239
    - offset: -0.5218298
    - vertices: p343(v46) p329(v36) p328(v23)
    - neighboring facets: f147 f193 f192
- f192
    - flags: bottom simplicial
    - normal:    0.3605  -0.9325 -0.02339
    - offset: -0.4950713
    - vertices: p343(v46) p329(v36) p712(v9)
    - neighboring facets: f148 f196 f191
- f193
    - flags: top simplicial
    - normal:    0.5289  -0.7969  -0.2918
    - offset: -0.6713978
    - vertices: p343(v46) p328(v23) p339(v6)
    - neighboring facets: f95 f194 f191
- f194
    - flags: bottom simplicial
    - normal:   0.07687  -0.8117   -0.579
    - offset: -0.9413318
    - vertices: p343(v46) p345(v35) p339(v6)
    - neighboring facets: f140 f193 f195
- f195
    - flags: top simplicial
    - normal:  -0.04272  -0.8243  -0.5645
    - offset: -0.9345136
    - vertices: p343(v46) p345(v35) p431(v18)
    - neighboring facets: f145 f197 f194
- f196
    - flags: top simplicial
    - normal:   0.01288  -0.9999 -0.003536
    - offset: -0.5112009
    - vertices: p343(v46) p439(v21) p712(v9)
    - neighboring facets: f121 f192 f197
- f197
    - flags: bottom simplicial
    - normal:   -0.1081  -0.9293  -0.3531
    - offset: -0.7946636
    - vertices: p343(v46) p439(v21) p431(v18)
    - neighboring facets: f117 f195 f196
- f198
    - flags: top simplicial
    - normal:    0.9787  -0.0457  -0.2003
    - offset: -0.5325457
    - vertices: p707(v47) p340(v40) p253(v1)
    - neighboring facets: f166 f199 f202
- f199
    - flags: bottom simplicial
    - normal:    0.9634   0.2331  -0.1326
    - offset: -0.4914444
    - vertices: p707(v47) p252(v13) p253(v1)
    - neighboring facets: f38 f198 f200
- f200
    - flags: top simplicial
    - normal:    0.8904   0.4308  -0.1467
    - offset: -0.5136262
    - vertices: p707(v47) p252(v13) p245(v8)
    - neighboring facets: f163 f203 f199
- f201
    - flags: bottom simplicial
    - normal:    0.6385 -0.01454  -0.7695
    - offset:  -1.080972
    - vertices: p707(v47) p374(v26) p404(v15)
    - neighboring facets: f173 f204 f202
- f202
    - flags: bottom simplicial
    - normal:    0.8995  -0.0609  -0.4327
    - offset: -0.7712463
    - vertices: p707(v47) p340(v40) p374(v26)
    - neighboring facets: f165 f201 f198
- f203
    - flags: bottom simplicial
    - normal:    0.6964    0.581  -0.4212
    - offset:  -0.788619
    - vertices: p707(v47) p257(v25) p245(v8)
    - neighboring facets: f161 f200 f204
- f204
    - flags: top simplicial
    - normal:    0.6015   0.3715  -0.7073
    - offset:  -1.055002
    - vertices: p707(v47) p257(v25) p404(v15)
    - neighboring facets: f90 f201 f203
- f205
    - flags: bottom simplicial
    - normal:   -0.7678 0.002674  -0.6406
    - offset: -0.8959352
    - vertices: p268(v48) p407(v27) p352(v11)
    - neighboring facets: f158 f206 f208
- f206
    - flags: top simplicial
    - normal:   -0.7856 -0.02728  -0.6182
    - offset: -0.8745603
    - vertices: p268(v48) p368(v42) p352(v11)
    - neighboring facets: f174 f205 f207
- f207
    - flags: bottom simplicial
    - normal:   -0.8639 -0.01235  -0.5035
    - offset: -0.7869375
    - vertices: p268(v48) p368(v42) p399(v28)
    - neighboring facets: f175 f209 f206
- f208
    - flags: top simplicial
    - normal:   -0.7664  0.07803  -0.6377
    - offset: -0.9038791
    - vertices: p268(v48) p407(v27) p258(v16)
    - neighboring facets: f156 f209 f205
- f209
    - flags: bottom simplicial
    - normal:    -0.842  0.08353   -0.533
    - offset: -0.8240121
    - vertices: p268(v48) p399(v28) p258(v16)
    - neighboring facets: f105 f208 f207
