3
1174 154 231
1.12819623947 -0.234604179859 -0.157744139433 
1.16163444519 -0.0531838983297 -0.124310910702 
1.24074339867 -0.118312366307 0.0162709038705 
1.1207408905 0.0445615462959 0.0296887960285 
1.16163444519 -0.0531838983297 -0.124310910702 
1.01524460316 0.0137657616287 -0.122527807951 
1.01524460316 0.0137657616287 -0.122527807951 
1.08216834068 -0.133703440428 -0.190741077065 
0.943613350391 -0.148665487766 -0.172878563404 
1.08744227886 -0.275153815746 0.137649387121 
1.04970598221 -0.334361672401 -0.025068892166 
1.19720220566 -0.255192130804 0.0255976095796 
1.19720220566 -0.255192130804 0.0255976095796 
1.24074339867 -0.118312366307 0.0162709038705 
1.13877189159 -0.0786442533135 0.165500491858 
0.943735182285 -0.224998310208 0.141647800803 
0.8811289072039999 -0.258025765419 -0.00613703718409 
1.04970598221 -0.334361672401 -0.025068892166 
0.8811289072039999 -0.258025765419 -0.00613703718409 
0.943613350391 -0.148665487766 -0.172878563404 
1.12819623947 -0.234604179859 -0.157744139433 
0.853778600693 -0.0581358037889 -0.00280073401518 
0.8811289072039999 -0.258025765419 -0.00613703718409 
0.943735182285 -0.224998310208 0.141647800803 
0.853778600693 -0.0581358037889 -0.00280073401518 
0.943613350391 -0.148665487766 -0.172878563404 
0.8811289072039999 -0.258025765419 -0.00613703718409 
0.980617821217 0.0274185370654 0.0784526839852 
0.853778600693 -0.0581358037889 -0.00280073401518 
1.00299096107 -0.116339661181 0.194652661681 
1.01524460316 0.0137657616287 -0.122527807951 
0.943613350391 -0.148665487766 -0.172878563404 
0.853778600693 -0.0581358037889 -0.00280073401518 
1.00299096107 -0.116339661181 0.194652661681 
0.943735182285 -0.224998310208 0.141647800803 
1.08744227886 -0.275153815746 0.137649387121 
1.05886650085 -0.00879821740091 -0.169707030058 
0.855629563332 -0.0216247551143 -0.235588684678 
0.737585842609 0.121912457049 -0.1300175488 
1.02911674976 -0.20377074182 -0.201993405819 
0.757985651493 -0.146309196949 -0.261269837618 
0.855629563332 -0.0216247551143 -0.235588684678 
1.02911674976 -0.20377074182 -0.201993405819 
1.01898980141 -0.289689332247 -0.161776736379 
0.757985651493 -0.146309196949 -0.261269837618 
0.704719781876 0.156298071146 0.0135586541146 
0.903956890106 0.0687487274408 0.139538273215 
1.06866323948 0.0564173124731 0.0520220920444 
1.06866323948 0.0564173124731 0.0520220920444 
0.737585842609 0.121912457049 -0.1300175488 
0.704719781876 0.156298071146 0.0135586541146 
1.00690722466 -0.350796967745 0.0432150252163 
0.6892052888869999 -0.272388905287 0.20906829834 
0.711368620396 -0.360424429178 -0.0135116474703 
1.01898980141 -0.289689332247 -0.161776736379 
0.241727754474 -0.261186361313 -0.129000857472 
0.757985651493 -0.146309196949 -0.261269837618 
0.737585842609 0.121912457049 -0.1300175488 
0.141616821289 0.136855706573 -0.181441456079 
0.375325918198 0.162751689553 -0.054236523807 
0.6892052888869999 -0.272388905287 0.20906829834 
-0.07721756398680001 -0.244057312608 0.0188964083791 
0.711368620396 -0.360424429178 -0.0135116474703 
0.148469612002 0.16234099865 0.194019898772 
0.135680228472 0.159734398127 0.199254244566 
0.721944868565 0.0569617822766 0.243935883045 
0.903956890106 0.0687487274408 0.139538273215 
0.704719781876 0.156298071146 0.0135586541146 
0.148469612002 0.16234099865 0.194019898772 
1.0269600153 -0.211417838931 0.17771102488 
1.04339206219 -0.0998040735722 0.187450557947 
0.835914313793 -0.119416080415 0.268369585276 
0.0969771146774 0.169210731983 -0.179251775146 
0.0650749579072 0.170997306705 -0.16466024518 
0.118537701666 0.163642197847 -0.142258092761 
0.065914914012 -0.0182242039591 -0.253874748945 
0.0964558944106 0.163820490241 -0.178528413177 
0.154425039887 0.0842514038086 -0.232551500201 
0.245245203376 -0.09852355718609999 0.2945920825 
0.0187066365033 -0.05087306723 0.253466397524 
0.0266215503216 -0.17829567194 0.191028282046 
0.0690886154771 -0.00387949938886 0.256341725588 
0.0187066365033 -0.05087306723 0.253466397524 
0.245245203376 -0.09852355718609999 0.2945920825 
0.148469612002 0.16234099865 0.194019898772 
0.375325918198 0.162751689553 -0.054236523807 
0.19543787837 0.162249371409 0.0381348393857 
0.19543787837 0.162249371409 0.0381348393857 
0.375325918198 0.162751689553 -0.054236523807 
0.198000669479 0.160916134715 -0.038258895278 
0.375325918198 0.162751689553 -0.054236523807 
0.141616821289 0.136855706573 -0.181441456079 
0.198000669479 0.160916134715 -0.038258895278 
0.141616821289 0.136855706573 -0.181441456079 
0.125012025237 0.162049099803 -0.142498388886 
0.198000669479 0.160916134715 -0.038258895278 
0.757985651493 -0.146309196949 -0.261269837618 
0.065914914012 -0.0182242039591 -0.253874748945 
0.154425039887 0.0842514038086 -0.232551500201 
0.0616851262748 0.0615220628679 0.251352459192 
0.0690886154771 -0.00387949938886 0.256341725588 
0.245555102825 0.106011815369 0.27776581049 
0.00139394996222 0.09261703491209999 0.256179660559 
0.0616851262748 0.0615220628679 0.251352459192 
0.110296554863 0.156571209431 0.18852712214 
-0.0433643721044 -0.03106296435 0.248062893748 
-0.0664605796337 0.0168264377862 0.249836370349 
-0.137061461806 -0.06958053261039999 0.211585834622 
-0.0535945408046 0.209202453494 0.164637222886 
-0.0496302209795 0.0682408213615 0.254369258881 
0.00139394996222 0.09261703491209999 0.256179660559 
-0.111020505428 0.0371821597219 -0.243845969439 
-0.0536223649979 0.212296560407 -0.162665039301 
2.38585471379e-05 0.0898657888174 -0.250429421663 
0.0266215503216 -0.17829567194 0.191028282046 
-0.137061461806 -0.06958053261039999 0.211585834622 
-0.07721756398680001 -0.244057312608 0.0188964083791 
2.38585471379e-05 0.0898657888174 -0.250429421663 
-0.0536223649979 0.212296560407 -0.162665039301 
0.0969771146774 0.169210731983 -0.179251775146 
-0.212405696511 -0.124027833343 -0.0229223817587 
-0.209338113666 -0.0609282106161 -0.136529058218 
-0.09468685090539999 -0.14214232564 -0.192836001515 
-0.07721756398680001 -0.244057312608 0.0188964083791 
-0.209371447563 -0.106938667595 0.0792584493756 
-0.212405696511 -0.124027833343 -0.0229223817587 
-0.209338113666 -0.0609282106161 -0.136529058218 
-0.111020505428 0.0371821597219 -0.243845969439 
-0.09468685090539999 -0.14214232564 -0.192836001515 
-0.137061461806 -0.06958053261039999 0.211585834622 
-0.0496302209795 0.0682408213615 0.254369258881 
-0.168511390686 0.12625169754 0.17019854486 
-0.111020505428 0.0371821597219 -0.243845969439 
-0.0475655086339 0.066354252398 -0.247448652983 
-0.06662315875289999 0.0168496482074 -0.250242501497 
-0.171240881085 0.126763567328 -0.16807423532 
-0.0536223649979 0.212296560407 -0.162665039301 
-0.111020505428 0.0371821597219 -0.243845969439 
-0.0496302209795 0.0682408213615 0.254369258881 
-0.0535945408046 0.209202453494 0.164637222886 
-0.168511390686 0.12625169754 0.17019854486 
0.241727754474 -0.261186361313 -0.129000857472 
-0.07721756398680001 -0.244057312608 0.0188964083791 
-0.09468685090539999 -0.14214232564 -0.192836001515 
0.065914914012 -0.0182242039591 -0.253874748945 
0.124526210129 -0.124602966011 -0.227310702205 
0.0198511201888 -0.0453370735049 -0.235471487045 
0.0802711397409 0.051696319133 -0.238841742277 
0.0629925876856 -0.0159920975566 -0.250183790922 
0.0405024439096 0.078334517777 -0.251580715179 
-0.137061461806 -0.06958053261039999 0.211585834622 
-0.200222700834 -0.0319921076298 0.150269404054 
-0.209371447563 -0.106938667595 0.0792584493756 
-0.0623991750181 0.0437083058059 -0.259999960661 
-0.0263478457928 0.0831683501601 -0.259999990463 
-0.00230908626691 0.0654103010893 -0.260000020266 
-0.0483853034675 0.0356731787324 -0.259999990463 
-0.0454582162201 0.00447744363919 -0.260000020266 
-0.0546478442848 -0.022617969662 -0.260000020266 
0.008867487311360001 -0.0256045032293 -0.260000020266 
0.008867487311360001 -0.0256045032293 -0.260000020266 
0.0549050755799 0.00416792882606 -0.259999960661 
0.07429762184619999 0.009125032462180001 -0.260000020266 
0.07429762184619999 0.009125032462180001 -0.260000020266 
0.0549050755799 0.00416792882606 -0.259999960661 
0.0519763939083 0.03536336869 -0.259999990463 
0.0404455550015 0.0814065039158 -0.259999960661 
-0.0263478457928 0.0831683501601 0.259999990463 
-0.0459110885859 0.0430765338242 0.259999960661 
0.0221251770854 0.061686553061 0.260000020266 
0.074296221137 0.0091109611094 0.259999990463 
0.0404455550015 0.0814065039158 0.259999960661 
0.0572514906526 0.0195738542825 0.259999960661 
0.0392320752144 -0.0154132414609 0.259999990463 
0.0204246323556 -0.0499211288989 0.259999990463 
-0.036124996841 -0.0108518553898 0.260000020266 
-0.0546469092369 -0.0226181596518 0.259999960661 
-0.0623991936445 0.0437082834542 0.259999960661 
0.0601696781814 0.0302881952375 0.260000020266 
-0.0356186889112 0.0571543350816 0.259999960661 
-0.0317936502397 0.06304837763310001 0.319999963045 
0.0601696781814 0.0302881952375 0.260000020266 
-0.0317936502397 0.06304837763310001 0.319999963045 
0.0628751665354 0.00511626945809 0.319999814034 
-0.0183841176331 -0.0270198322833 0.259999901056 
0.0601696781814 0.0302881952375 0.260000020266 
0.0628751665354 0.00511626945809 0.319999814034 
-0.0183841176331 -0.0270198322833 0.259999901056 
0.0628751665354 0.00511626945809 0.319999814034 
-0.033441323787 -0.0127689437941 0.319999873638 
-0.0183841176331 -0.0270198322833 0.259999901056 
-0.033441323787 -0.0127689437941 0.319999873638 
-0.0317936502397 0.06304837763310001 0.319999963045 
-0.0422310903668 0.0583535023034 -0.260000020266 
-0.0435196571052 0.0548683255911 -0.319999873638 
-0.00401999987662 -0.0279313344508 -0.320000648499 
-0.00401999987662 -0.0279313344508 -0.320000648499 
0.0602601766586 0.0275180432945 -0.319999694824 
0.0628713220358 0.0108294291422 -0.259998977184 
-0.0422310903668 0.0583535023034 -0.260000020266 
0.0602601766586 0.0275180432945 -0.319999694824 
-0.0435196571052 0.0548683255911 -0.319999873638 
0.00671222293749 -0.0556532517076 0.260013014078 
0.0281793214381 -0.0447447188199 0.250331193209 
0.0812292098999 0.0252359379083 0.258389919996 
0.00671222293749 -0.0556532517076 0.260013014078 
-0.0501233488321 -0.0320141725242 0.24999538064 
0.0281793214381 -0.0447447188199 0.250331193209 
0.00671222293749 -0.0556532517076 0.260013014078 
-0.0671887472272 0.00639646034688 0.259999990463 
-0.0501233488321 -0.0320141725242 0.24999538064 
-0.0671887472272 0.00639646034688 0.259999990463 
-0.0420824177563 0.08156714588400001   0.25 
-0.0501233488321 -0.0320141725242 0.24999538064 
-0.0671887472272 0.00639646034688 0.259999990463 
-0.024302367121 0.08911178261039999 0.259999990463 
-0.0420824177563 0.08156714588400001   0.25 
-0.0778248086572 0.0215271878988 -0.259991019964 
0.0215532891452 -0.0546212568879 -0.250003516674 
-0.0722545906901 0.0165487378836 -0.249996140599 
0.0629925876856 -0.0159920975566 -0.250183790922 
0.0215532891452 -0.0546212568879 -0.250003516674 
0.0352204293013 -0.0487527512014 -0.260015696287 
0.0571351908147 0.078895971179 -0.259999454021 
0.0147885940969 0.0955725163221 -0.249999970198 
0.0629925876856 -0.0159920975566 -0.250183790922 
0.20105214417 0.147309422493 -0.0163918305188 
0.130015864968 0.148438483477 0.138675227761 
0.09316466748710001 0.168019369245 0.16302497685 
0.101533658803 0.163380637765 -0.162676692009 
0.0406436137855 0.16204610467 -0.170837014914 
0.20105214417 0.147309422493 -0.0163918305188 
-0.196592479944 0.0330824404955 -0.179139375687 
-0.197540074587 -0.114797592163 -0.0853271484375 
-0.166335165501 0.0983826443553 -0.166914328933 
-0.164139360189 0.0976730883121 0.169030115008 
-0.191937193274 -0.08694137632850001 0.117096267641 
-0.19155113399 0.0479348599911 0.172376349568 
-0.213579207659 -0.134001255035 0.0321517549455 
-0.191937193274 -0.08694137632850001 0.117096267641 
-0.197540074587 -0.114797592163 -0.0853271484375 
-0.06297558546070001 0.190858662128 -0.16481885314 
0.0406436137855 0.16204610467 -0.170837014914 
0.101533658803 0.163380637765 -0.162676692009 
-0.165095999837 0.128968402743 -0.164475500584 
-0.166335165501 0.0983826443553 -0.166914328933 
-0.06297558546070001 0.190858662128 -0.16481885314 
-0.0596955157816 0.188338220119 0.167575284839 
-0.164139360189 0.0976730883121 0.169030115008 
-0.162167206407 0.128699705005 0.16695868969 
-0.19155113399 0.0479348599911 0.172376349568 
-0.162167206407 0.128699705005 0.16695868969 
-0.164139360189 0.0976730883121 0.169030115008 
0.130015864968 0.148438483477 0.138675227761 
-0.0596955157816 0.188338220119 0.167575284839 
0.09316466748710001 0.168019369245 0.16302497685 
1.06950008869 0.0547600165009 0.0119161987677 
0.963316619396 -0.0248657222837 0.0663089007139 
0.928987562656 -0.0656992346048 -0.0744342058897 
1.03875732422 -0.140914157033 -0.210385128856 
0.928987562656 -0.0656992346048 -0.0744342058897 
0.920789003372 -0.232442617416 -0.0683628842235 
1.00979447365 -0.338273614645 0.0316619873047 
0.920789003372 -0.232442617416 -0.0683628842235 
0.902493774891 -0.162758916616 0.0475393682718 
1.04319429398 -0.12290828675 0.19507843256 
0.902493774891 -0.162758916616 0.0475393682718 
0.963316619396 -0.0248657222837 0.0663089007139 
0.963316619396 -0.0248657222837 0.0663089007139 
0.902493774891 -0.162758916616 0.0475393682718 
0.928987562656 -0.0656992346048 -0.0744342058897 
0.928987562656 -0.0656992346048 -0.0744342058897 
0.902493774891 -0.162758916616 0.0475393682718 
0.920789003372 -0.232442617416 -0.0683628842235 
0.0718289911747 0.155464321375 0.161334872246 
0.0387844853103 0.161443397403 -0.164516299963 
-0.0445219278336 0.189282387495 0.166959419847 
-0.174497529864 0.06951717287299999 0.168001040816 
-0.0471131615341 0.195137053728 0.166923731565 
-0.13328114152 0.147540464997 -0.164380416274 
-0.13328114152 0.147540464997 -0.164380416274 
-0.19053427875 -0.0175937656313 -0.156488671899 
-0.174497529864 0.06951717287299999 0.168001040816 
-0.19053427875 -0.0175937656313 -0.156488671899 
-0.185510739684 -0.0342372879386 0.150270342827 
-0.174497529864 0.06951717287299999 0.168001040816 
0.139264494181 0.148909300566 0.122103698552 
0.130571737885 0.144588768482 -0.130807802081 
0.0718289911747 0.155464321375 0.161334872246 
-0.19053427875 -0.0175937656313 -0.156488671899 
-0.194960311055 -0.0911430343986 -0.0992578938603 
-0.185510739684 -0.0342372879386 0.150270342827 
0.139264494181 0.148909300566 0.122103698552 
0.189686700702 0.14640340209 0.038055960089 
0.130571737885 0.144588768482 -0.130807802081 
0.189686700702 0.14640340209 0.038055960089 
0.193111106753 0.147843196988 -0.0333228297532 
0.130571737885 0.144588768482 -0.130807802081 
-0.196182727814 -0.108931079507 0.08068275451659999 
-0.185510739684 -0.0342372879386 0.150270342827 
-0.198198243976 -0.126949056983 -0.022039603442 
-0.185510739684 -0.0342372879386 0.150270342827 
-0.194960311055 -0.0911430343986 -0.0992578938603 
-0.198198243976 -0.126949056983 -0.022039603442 
0.0252815671265 0.02534555085 -0.319999814034 
-0.00175043533091 0.0402638763189 -0.319999963045 
-0.00230908743106 0.0654103010893 -0.319999873638 
0.00882726814598 -0.0255695432425 -0.319999843836 
0.00826857704669 -0.0004195231013 -0.319999963045 
0.0252815671265 0.02534555085 -0.319999814034 
-0.0187635421753 0.0144986985251 -0.319999814034 
0.00826857704669 -0.0004195231013 -0.319999963045 
0.00882726814598 -0.0255695432425 -0.319999843836 
-0.00230908743106 0.0654103010893 -0.319999873638 
-0.00175043533091 0.0402638763189 -0.319999963045 
-0.0127927465364 0.0345875397325 0.319999992847 
0.021530142054 0.033360350877 0.319999992847 
0.0221251770854 0.061686553061 0.319999992847 
-0.0361207686365 -0.010856189765 0.32000002265 
-0.0114060761407 0.00386995845474 0.319999963045 
0.0156720094383 0.00304585206322 0.32000002265 
0.0392408110201 -0.0154063319787 0.319999992847 
0.0729196146131 0.174316242337 0.162732154131 
0.00139394996222 0.09261703491209999 0.256179660559 
0.110296554863 0.156571209431 0.18852712214 
0.14636939764 0.164588168263 0.123721003532 
0.110296554863 0.156571209431 0.18852712214 
0.148469612002 0.16234099865 0.194019898772 
0.0616851262748 0.0615220628679 0.251352459192 
0.135680228472 0.159734398127 0.199254244566 
0.110296554863 0.156571209431 0.18852712214 
0.0729196146131 0.174316242337 0.162732154131 
0.110296554863 0.156571209431 0.18852712214 
0.14636939764 0.164588168263 0.123721003532 
0.855629563332 -0.0216247551143 -0.235588684678 
0.154425039887 0.0842514038086 -0.232551500201 
0.141616821289 0.136855706573 -0.181441456079 
0.711368620396 -0.360424429178 -0.0135116474703 
-0.07721756398680001 -0.244057312608 0.0188964083791 
0.241727754474 -0.261186361313 -0.129000857472 
0.0266215503216 -0.17829567194 0.191028282046 
0.6892052888869999 -0.272388905287 0.20906829834 
0.245245203376 -0.09852355718609999 0.2945920825 
1.0269600153 -0.211417838931 0.17771102488 
0.6892052888869999 -0.272388905287 0.20906829834 
1.00690722466 -0.350796967745 0.0432150252163 
1.04339206219 -0.0998040735722 0.187450557947 
0.721944868565 0.0569617822766 0.243935883045 
0.835914313793 -0.119416080415 0.268369585276 
0.045932572335 -0.0375022292137 0.366739600897 
-0.0516963265836 -0.0206621550024 0.368818581104 
0.0455302670598 -0.0397613123059 0.268736809492 
-0.0525876805186 -0.0218390654773 -0.269664317369 
-0.0516963750124 -0.0206623077393 -0.368818491697 
0.0459271073341 -0.0375790186226 -0.366736888885 
-0.047836150974 -0.009777693077920001 0.269839406013 
0.0445879250765 -0.0300142671913 0.26893439889 
-0.0484600439668 -0.0140891643241 0.371405392885 
0.0445879213512 -0.0300143416971 -0.268934249878 
-0.0484600551426 -0.0140892406926 -0.371405333281 
0.046359565109 -0.0286043919623 -0.369408100843 
-0.0476019270718 0.242026552558 0.37838602066 
-0.206910699606 0.215042039752 0.367503643036 
0.0297752376646 0.199445992708 0.401580989361 
-0.176122128963 0.222479090095 -0.375772923231 
0.0140599058941 0.208411350846 -0.398664116859 
0.00407333346084 0.0903637707233 -0.417486310005 
0.00407333346084 0.0903637707233 -0.417486310005 
0.0140599058941 0.208411350846 -0.398664116859 
0.0180374141783 0.11828096211 -0.408991873264 
-0.382469624281 0.0336874388158 -0.252194523811 
-0.399297475815 0.189213335514 -0.215184926987 
-0.176122128963 0.222479090095 -0.375772923231 
-0.40632507205 0.189787447453 0.203480213881 
-0.468529492617 -0.00436702696607 0.0135515592992 
-0.407607406378 0.0210900120437 0.205535277724 
-0.477518379688 0.192416161299 -0.008943672291930001 
-0.399297475815 0.189213335514 -0.215184926987 
-0.382469624281 0.0336874388158 -0.252194523811 
-0.345655202866 -0.194405823946 0.133565366268 
-0.468529492617 -0.00436702696607 0.0135515592992 
-0.350163131952 -0.210978001356 -0.0562649518251 
-0.407607406378 0.0210900120437 0.205535277724 
-0.345655202866 -0.194405823946 0.133565366268 
-0.295939326286 -0.0513780191541 0.297058105469 
-0.345655202866 -0.194405823946 0.133565366268 
-0.350163131952 -0.210978001356 -0.0562649518251 
-0.194043576717 -0.322291105986 0.0449078343809 
-0.18429748714 -0.317533254623 -0.0675341784954 
-0.350163131952 -0.210978001356 -0.0562649518251 
-0.331107020378 -0.130440369248 -0.219639882445 
-0.331107020378 -0.130440369248 -0.219639882445 
-0.129539340734 -0.07597900182010001 -0.368003845215 
-0.110283508897 -0.216734915972 -0.291335433722 
-0.10849853605 -0.217095941305 0.291555464268 
0.024818725884 -0.136839896441 0.352574765682 
-0.1298327595 -0.07627318799500001 0.36714887619 
-0.00448394753039 0.0811248794198 0.412196725607 
-0.1298327595 -0.07627318799500001 0.36714887619 
0.130401611328 -0.00347564695403 0.369368046522 
0.130401536822 -0.00347549421713 -0.369367867708 
-0.129539340734 -0.07597900182010001 -0.368003845215 
0.00407333346084 0.0903637707233 -0.417486310005 
0.06510851532219999 0.170141667128 -0.395417690277 
0.12454726547 0.0782550051808 -0.374170452356 
0.0180374141783 0.11828096211 -0.408991873264 
-0.097689203918 0.0354292280972 0.363786369562 
0.09958852827549999 0.105637907982 0.367618203163 
0.106941595674 0.0104714650661 0.351717203856 
0.106365375221 0.0107792243361 -0.34918281436 
0.0994294211268 0.105874374509 -0.367059350014 
-0.0757687389851 0.0275659170002 -0.364973127842 
0.067550458014 0.158760204911 0.366016298532 
0.09958852827549999 0.105637907982 0.367618203163 
-0.097689203918 0.0354292280972 0.363786369562 
-0.097689203918 0.0354292280972 0.363786369562 
0.106941595674 0.0104714650661 0.351717203856 
0.0802371129394 -0.0284933615476 0.344713509083 
-0.097689203918 0.0354292280972 0.363786369562 
-0.108397290111 -0.23963226378 0.222920686007 
-0.234905391932 -0.0622659288347 0.278195798397 
-0.113234631717 -0.24350707233 -0.217782437801 
-0.194857180119 -0.05241882056 -0.305382668972 
-0.340216130018 -0.152281954885 -0.0807202160358 
-0.108397290111 -0.23963226378 0.222920686007 
-0.171154990792 -0.310779124498 0.0119071956724 
-0.310553193092 -0.188618347049 0.0639747604728 
-0.171154990792 -0.310779124498 0.0119071956724 
-0.340216130018 -0.152281954885 -0.0807202160358 
-0.310553193092 -0.188618347049 0.0639747604728 
-0.310553193092 -0.188618347049 0.0639747604728 
-0.340216130018 -0.152281954885 -0.0807202160358 
-0.390194684267 0.0110004423186 0.136926874518 
-0.234905391932 -0.0622659288347 0.278195798397 
-0.390194684267 0.0110004423186 0.136926874518 
-0.344006329775 0.203492611647 0.233430787921 
-0.397821098566 0.00618560798466 -0.127370297909 
-0.194857180119 -0.05241882056 -0.305382668972 
-0.291511833668 0.206260293722 -0.280582875013 
-0.432205051184 0.218316093087 0.034635618329 
-0.390194684267 0.0110004423186 0.136926874518 
-0.397821098566 0.00618560798466 -0.127370297909 
-0.0659242644906 0.218483731151 0.362906783819 
-0.097689203918 0.0354292280972 0.363786369562 
-0.13539595902 0.238952770829 0.361793726683 
-0.291511833668 0.206260293722 -0.280582875013 
-0.0757687389851 0.0275659170002 -0.364973127842 
-0.0661617815495 0.218508660793 -0.362954735756 
0.067550458014 0.158760204911 0.366016298532 
-0.097689203918 0.0354292280972 0.363786369562 
0.00577987637371 0.221202686429 0.37445306778 
0.130401611328 -0.00347564695403 0.369368046522 
0.0983143597841 0.139428094029 0.393358498812 
-0.00448394753039 0.0811248794198 0.412196725607 
0.12454726547 0.0782550051808 -0.374170452356 
0.130401536822 -0.00347549421713 -0.369367867708 
0.00407333346084 0.0903637707233 -0.417486310005 
-0.291511833668 0.206260293722 -0.280582875013 
-0.0661617815495 0.218508660793 -0.362954735756 
-0.106858029962 0.233175620437 -0.354525148869 
-0.435136705637 0.223984479904 0.0230825804174 
-0.461456894875 0.197879031301 -0.10602080822 
-0.465977609158 0.192449450493 0.0632789582014 
-0.461456894875 0.197879031301 -0.10602080822 
-0.435136705637 0.223984479904 0.0230825804174 
-0.419858843088 0.215033113956 -0.0974157676101 
-0.40632507205 0.189787447453 0.203480213881 
-0.305319219828 0.205077812076 0.277883917093 
-0.379411458969 0.206072568893 0.197707816958 
-0.307346194983 0.201310425997 -0.277686774731 
-0.461456894875 0.197879031301 -0.10602080822 
-0.346915274858 0.196665644646 -0.227458491921 
-0.160339146852 -0.311810404062 -0.0458370968699 
-0.194043576717 -0.322291105986 0.0449078343809 
-0.18429748714 -0.317533254623 -0.0675341784954 
-0.10849853605 -0.217095941305 0.291555464268 
-0.194043576717 -0.322291105986 0.0449078343809 
-0.107494197786 -0.241089433432 0.235753163695 
-0.107266537845 -0.241504132748 -0.235973194242 
-0.18429748714 -0.317533254623 -0.0675341784954 
-0.110283508897 -0.216734915972 -0.291335433722 
-0.118204951286 -0.250662237406 0.218977048993 
-0.194043576717 -0.322291105986 0.0449078343809 
-0.157062754035 -0.296243280172 0.09365478158 
-0.117589645088 -0.255329877138 -0.202302858233 
-0.18429748714 -0.317533254623 -0.0675341784954 
-0.118199460208 -0.250659167767 -0.218975827098 
-0.118204951286 -0.250662237406 0.218977048993 
-0.111354976892 -0.250458359718 0.21018615365 
-0.0445849597454 -0.18840636313 0.283508300781 
-0.118199460208 -0.250659167767 -0.218975827098 
0.0058697508648 -0.165497124195 -0.322429805994 
-0.0445886217058 -0.188405752182 -0.283507376909 
0.0811782851815 0.16635222733 -0.381173551083 
0.12454726547 0.0782550051808 -0.374170452356 
0.06510851532219999 0.170141667128 -0.395417690277 
0.073349609971 0.171477049589 0.371784061193 
0.0996170043945 0.0990992709994 0.37028747797 
0.067550458014 0.158760204911 0.366016298532 
0.114674679935 0.102261655033 -0.375559061766 
0.0713970959187 0.173098295927 -0.372023314238 
0.06325592100620001 0.161886245012 -0.366923749447 
0.0102944942191 0.221831679344 -0.378824293613 
0.06510851532219999 0.170141667128 -0.395417690277 
0.0140599058941 0.208411350846 -0.398664116859 
0.0297752376646 0.199445992708 0.401580989361 
0.0538473501801 0.181322023273 0.396359860897 
0.00584991462529 0.220891401172 0.377915710211 
0.0713970959187 0.173098295927 -0.372023314238 
0.0062399674207 0.2210919559 -0.373982280493 
0.06325592100620001 0.161886245012 -0.366923749447 
0.0797815695405 0.168240889907 0.381123661995 
0.0983143597841 0.139428094029 0.393358498812 
0.116913452744 0.108455501497 0.373120725155 
0.122685238719 0.0260111987591 0.363044112921 
0.103199005127 0.0103063965216 0.360809922218 
0.0996170043945 0.0990992709994 0.37028747797 
0.122685238719 0.0260116569698 -0.363043814898 
0.114674679935 0.102261655033 -0.375559061766 
0.100852660835 0.0944672375917 -0.36921325326 
0.122685238719 0.0260111987591 0.363044112921 
0.103175275028 -0.05859092623 0.350769639015 
0.103199005127 0.0103063965216 0.360809922218 
0.103198699653 0.0103063965216 -0.360809326172 
0.10317543149 -0.0585915744305 -0.350769340992 
0.122685238719 0.0260116569698 -0.363043814898 
0.12195289135 0.0365460179746 0.365333616734 
0.130401611328 -0.00347564695403 0.369368046522 
0.0972390696406 -0.0658361837268 0.350851267576 
0.09723937511440001 -0.0658361837268 -0.350850969553 
0.130401536822 -0.00347549421713 -0.369367867708 
0.121953271329 0.0365441888571 -0.365333467722 
0.103175275028 -0.05859092623 0.350769639015 
0.0802371129394 -0.0284933615476 0.344713509083 
0.103199005127 0.0103063965216 0.360809922218 
-0.047601621598 0.242026820779 -0.378385990858 
-0.123057708144 0.232377767563 -0.382469296455 
-0.0826309397817 0.247523188591 -0.370063632727 
-0.0476019270718 0.242026552558 0.37838602066 
0.00584991462529 0.220891401172 0.377915710211 
-0.07772735506300001 0.24269554019 0.363629460335 
-0.0823301672935 0.242942735553 0.35577622056 
-0.00245941150934 0.229260250926 0.37668043375 
0.016861570999 0.217021554708 0.373174875975 
-0.070475384593 0.237139433622 -0.358639657497 
-0.00245941150934 0.229260399938 -0.376680523157 
-0.109523922205 0.248036190867 -0.352733135223 
0.0297752376646 0.199445992708 0.401580989361 
0.00584991462529 0.220891401172 0.377915710211 
-0.0476019270718 0.242026552558 0.37838602066 
0.0811782851815 0.16635222733 -0.381173551083 
-0.00245941150934 0.229260399938 -0.376680523157 
-0.00143905635923 0.216551661491 -0.373678654432 
0.061591796577 -0.0984448194504 0.364545285702 
0.024818725884 -0.136839896441 0.352574765682 
0.00481201149523 -0.165879204869 0.32194212079 
0.0058697508648 -0.165497124195 -0.322429805994 
0.0248168949038 -0.136845394969 -0.352575689554 
0.0630468726158 -0.0982702597976 -0.365225821733 
-0.107266537845 -0.241504132748 -0.235973194242 
-0.110283508897 -0.216734915972 -0.291335433722 
0.0248168949038 -0.136845394969 -0.352575689554 
0.024818725884 -0.136839896441 0.352574765682 
-0.10849853605 -0.217095941305 0.291555464268 
-0.107494197786 -0.241089433432 0.235753163695 
0.0373945608735 -0.131105795503 -0.320909112692 
0.10317543149 -0.0585915744305 -0.350769340992 
0.08011578023429999 -0.0285986084491 -0.345232307911 
0.0058697508648 -0.165497124195 -0.322429805994 
0.0630468726158 -0.0982702597976 -0.365225821733 
0.130401536822 -0.00347549421713 -0.369367867708 
0.130401611328 -0.00347564695403 0.369368046522 
0.061591796577 -0.0984448194504 0.364545285702 
0.00481201149523 -0.165879204869 0.32194212079 
0.130401611328 -0.00347564695403 0.369368046522 
0.00481201149523 -0.165879204869 0.32194212079 
0.0972390696406 -0.0658361837268 0.350851267576 
0.09723937511440001 -0.0658361837268 -0.350850969553 
0.0058697508648 -0.165497124195 -0.322429805994 
0.130401536822 -0.00347549421713 -0.369367867708 
0.103175275028 -0.05859092623 0.350769639015 
0.0381645187736 -0.130413204432 0.321102291346 
0.0802371129394 -0.0284933615476 0.344713509083 
-0.305314332247 0.205061033368 -0.277885735035 
-0.176122128963 0.222479090095 -0.375772923231 
-0.399297475815 0.189213335514 -0.215184926987 
-0.12305816263 0.232377573848 0.382469207048 
-0.218267515302 0.228449627757 0.339172810316 
-0.206910699606 0.215042039752 0.367503643036 
-0.12305816263 0.232377573848 0.382469207048 
-0.0826310142875 0.247522577643 0.370063394308 
-0.218267515302 0.228449627757 0.339172810316 
-0.0826310142875 0.247522577643 0.370063394308 
-0.07772735506300001 0.24269554019 0.363629460335 
-0.218267515302 0.228449627757 0.339172810316 
-0.070475384593 0.237139433622 -0.358639657497 
-0.109523922205 0.248036190867 -0.352733135223 
-0.183502778411 0.235653415322 -0.336696088314 
0.0587591044605 0.052756741643 -0.369408458471 
-0.0360779799521 0.0651268735528 -0.371388882399 
0.0579232573509 0.056633271277 -0.268899649382 
0.0612908862531 0.0636539980769 -0.268736869097 
-0.0372111685574 0.0743841528893 -0.368818730116 
-0.0377693586051 0.0707826539874 -0.269723892212 
0.0579232573509 0.056633271277 -0.268899649382 
-0.0360779799521 0.0651268735528 -0.371388882399 
-0.0367685295641 0.0628439337015 -0.269839286804 
1.12819623947 -0.234604179859 -0.157744139433 
1.08216834068 -0.133703440428 -0.190741077065 
1.16163444519 -0.0531838983297 -0.124310910702 
1.1207408905 0.0445615462959 0.0296887960285 
1.24074339867 -0.118312366307 0.0162709038705 
1.16163444519 -0.0531838983297 -0.124310910702 
1.13877189159 -0.0786442533135 0.165500491858 
1.24074339867 -0.118312366307 0.0162709038705 
1.1207408905 0.0445615462959 0.0296887960285 
1.16163444519 -0.0531838983297 -0.124310910702 
1.08216834068 -0.133703440428 -0.190741077065 
1.01524460316 0.0137657616287 -0.122527807951 
0.980617821217 0.0274185370654 0.0784526839852 
1.1207408905 0.0445615462959 0.0296887960285 
1.01524460316 0.0137657616287 -0.122527807951 
1.13877189159 -0.0786442533135 0.165500491858 
1.1207408905 0.0445615462959 0.0296887960285 
0.980617821217 0.0274185370654 0.0784526839852 
1.00299096107 -0.116339661181 0.194652661681 
1.13877189159 -0.0786442533135 0.165500491858 
0.980617821217 0.0274185370654 0.0784526839852 
0.943613350391 -0.148665487766 -0.172878563404 
1.08216834068 -0.133703440428 -0.190741077065 
1.12819623947 -0.234604179859 -0.157744139433 
1.19720220566 -0.255192130804 0.0255976095796 
1.04970598221 -0.334361672401 -0.025068892166 
1.12819623947 -0.234604179859 -0.157744139433 
1.24074339867 -0.118312366307 0.0162709038705 
1.19720220566 -0.255192130804 0.0255976095796 
1.12819623947 -0.234604179859 -0.157744139433 
1.08744227886 -0.275153815746 0.137649387121 
1.19720220566 -0.255192130804 0.0255976095796 
1.13877189159 -0.0786442533135 0.165500491858 
1.08744227886 -0.275153815746 0.137649387121 
1.13877189159 -0.0786442533135 0.165500491858 
1.00299096107 -0.116339661181 0.194652661681 
1.08744227886 -0.275153815746 0.137649387121 
0.943735182285 -0.224998310208 0.141647800803 
1.04970598221 -0.334361672401 -0.025068892166 
1.04970598221 -0.334361672401 -0.025068892166 
0.8811289072039999 -0.258025765419 -0.00613703718409 
1.12819623947 -0.234604179859 -0.157744139433 
1.00299096107 -0.116339661181 0.194652661681 
0.853778600693 -0.0581358037889 -0.00280073401518 
0.943735182285 -0.224998310208 0.141647800803 
0.980617821217 0.0274185370654 0.0784526839852 
1.01524460316 0.0137657616287 -0.122527807951 
0.853778600693 -0.0581358037889 -0.00280073401518 
1.05886650085 -0.00879821740091 -0.169707030058 
1.02911674976 -0.20377074182 -0.201993405819 
0.855629563332 -0.0216247551143 -0.235588684678 
1.00690722466 -0.350796967745 0.0432150252163 
0.711368620396 -0.360424429178 -0.0135116474703 
1.01898980141 -0.289689332247 -0.161776736379 
1.06866323948 0.0564173124731 0.0520220920444 
1.05886650085 -0.00879821740091 -0.169707030058 
0.737585842609 0.121912457049 -0.1300175488 
1.01898980141 -0.289689332247 -0.161776736379 
0.711368620396 -0.360424429178 -0.0135116474703 
0.241727754474 -0.261186361313 -0.129000857472 
0.704719781876 0.156298071146 0.0135586541146 
0.737585842609 0.121912457049 -0.1300175488 
0.375325918198 0.162751689553 -0.054236523807 
0.737585842609 0.121912457049 -0.1300175488 
0.855629563332 -0.0216247551143 -0.235588684678 
0.141616821289 0.136855706573 -0.181441456079 
0.757985651493 -0.146309196949 -0.261269837618 
0.241727754474 -0.261186361313 -0.129000857472 
0.124526210129 -0.124602966011 -0.227310702205 
0.375325918198 0.162751689553 -0.054236523807 
0.148469612002 0.16234099865 0.194019898772 
0.704719781876 0.156298071146 0.0135586541146 
0.835914313793 -0.119416080415 0.268369585276 
0.245555102825 0.106011815369 0.27776581049 
0.245245203376 -0.09852355718609999 0.2945920825 
0.835914313793 -0.119416080415 0.268369585276 
0.245245203376 -0.09852355718609999 0.2945920825 
0.6892052888869999 -0.272388905287 0.20906829834 
0.148469612002 0.16234099865 0.194019898772 
0.721944868565 0.0569617822766 0.243935883045 
0.903956890106 0.0687487274408 0.139538273215 
1.04339206219 -0.0998040735722 0.187450557947 
0.903956890106 0.0687487274408 0.139538273215 
0.721944868565 0.0569617822766 0.243935883045 
0.6892052888869999 -0.272388905287 0.20906829834 
1.0269600153 -0.211417838931 0.17771102488 
0.835914313793 -0.119416080415 0.268369585276 
0.835914313793 -0.119416080415 0.268369585276 
0.721944868565 0.0569617822766 0.243935883045 
0.245555102825 0.106011815369 0.27776581049 
0.141107589006 0.131806895137 -0.17681479454 
0.0969771146774 0.169210731983 -0.179251775146 
0.118537701666 0.163642197847 -0.142258092761 
0.154425039887 0.0842514038086 -0.232551500201 
0.0964558944106 0.163820490241 -0.178528413177 
0.141616821289 0.136855706573 -0.181441456079 
0.14636939764 0.164588168263 0.123721003532 
0.148469612002 0.16234099865 0.194019898772 
0.19543787837 0.162249371409 0.0381348393857 
0.065914914012 -0.0182242039591 -0.253874748945 
0.757985651493 -0.146309196949 -0.261269837618 
0.124526210129 -0.124602966011 -0.227310702205 
0.245555102825 0.106011815369 0.27776581049 
0.0690886154771 -0.00387949938886 0.256341725588 
0.245245203376 -0.09852355718609999 0.2945920825 
0.135680228472 0.159734398127 0.199254244566 
0.0616851262748 0.0615220628679 0.251352459192 
0.252206325531 0.103342890739 0.266705393791 
0.252206325531 0.103342890739 0.266705393791 
0.0616851262748 0.0615220628679 0.251352459192 
0.245555102825 0.106011815369 0.27776581049 
-0.04335090518 -0.0311062987894 -0.248081892729 
0.0198511201888 -0.0453370735049 -0.235471487045 
-0.09468685090539999 -0.14214232564 -0.192836001515 
-0.07721756398680001 -0.244057312608 0.0188964083791 
-0.137061461806 -0.06958053261039999 0.211585834622 
-0.209371447563 -0.106938667595 0.0792584493756 
-0.06662315875289999 0.0168496482074 -0.250242501497 
-0.04335090518 -0.0311062987894 -0.248081892729 
-0.111020505428 0.0371821597219 -0.243845969439 
0.0266215503216 -0.17829567194 0.191028282046 
0.0187066365033 -0.05087306723 0.253466397524 
-0.137061461806 -0.06958053261039999 0.211585834622 
0.0405024439096 0.078334517777 -0.251580715179 
2.38585471379e-05 0.0898657888174 -0.250429421663 
0.0969771146774 0.169210731983 -0.179251775146 
-0.0536223649979 0.212296560407 -0.162665039301 
0.0650749579072 0.170997306705 -0.16466024518 
0.0969771146774 0.169210731983 -0.179251775146 
-0.09468685090539999 -0.14214232564 -0.192836001515 
-0.111020505428 0.0371821597219 -0.243845969439 
-0.04335090518 -0.0311062987894 -0.248081892729 
-0.07721756398680001 -0.244057312608 0.0188964083791 
-0.212405696511 -0.124027833343 -0.0229223817587 
-0.09468685090539999 -0.14214232564 -0.192836001515 
0.0187066365033 -0.05087306723 0.253466397524 
-0.0433643721044 -0.03106296435 0.248062893748 
-0.137061461806 -0.06958053261039999 0.211585834622 
-0.209338113666 -0.0609282106161 -0.136529058218 
-0.171240881085 0.126763567328 -0.16807423532 
-0.111020505428 0.0371821597219 -0.243845969439 
-0.200222700834 -0.0319921076298 0.150269404054 
-0.137061461806 -0.06958053261039999 0.211585834622 
-0.168511390686 0.12625169754 0.17019854486 
-0.0664605796337 0.0168264377862 0.249836370349 
-0.0496302209795 0.0682408213615 0.254369258881 
-0.137061461806 -0.06958053261039999 0.211585834622 
-0.0475655086339 0.066354252398 -0.247448652983 
-0.111020505428 0.0371821597219 -0.243845969439 
2.38585471379e-05 0.0898657888174 -0.250429421663 
-0.0535945408046 0.209202453494 0.164637222886 
0.00139394996222 0.09261703491209999 0.256179660559 
0.0729196146131 0.174316242337 0.162732154131 
0.124526210129 -0.124602966011 -0.227310702205 
0.241727754474 -0.261186361313 -0.129000857472 
-0.09468685090539999 -0.14214232564 -0.192836001515 
0.0198511201888 -0.0453370735049 -0.235471487045 
0.124526210129 -0.124602966011 -0.227310702205 
-0.09468685090539999 -0.14214232564 -0.192836001515 
0.0668624863029 0.158164739609 -0.167256161571 
0.0802711397409 0.051696319133 -0.238841742277 
0.0405024439096 0.078334517777 -0.251580715179 
0.0204368103296 -0.0500175543129 -0.259999990463 
0.074296221137 0.0091109611094 0.259999990463 
-0.0356186889112 0.0571543350816 0.259999960661 
-0.0183841176331 -0.0270198322833 0.259999901056 
-0.0317936502397 0.06304837763310001 0.319999963045 
-0.0152115626261 -0.021175308153 -0.259999603033 
-0.0422310903668 0.0583535023034 -0.260000020266 
-0.00401999987662 -0.0279313344508 -0.320000648499 
-0.0152115626261 -0.021175308153 -0.259999603033 
-0.00401999987662 -0.0279313344508 -0.320000648499 
0.0628713220358 0.0108294291422 -0.259998977184 
-0.0422310903668 0.0583535023034 -0.260000020266 
0.0628713220358 0.0108294291422 -0.259998977184 
0.0602601766586 0.0275180432945 -0.319999694824 
-0.0420824177563 0.08156714588400001   0.25 
-0.024302367121 0.08911178261039999 0.259999990463 
0.0812292098999 0.0252359379083 0.258389919996 
0.0147885940969 0.0955725163221 -0.249999970198 
-0.0778248086572 0.0215271878988 -0.259991019964 
-0.0722545906901 0.0165487378836 -0.249996140599 
-0.0778248086572 0.0215271878988 -0.259991019964 
0.0352204293013 -0.0487527512014 -0.260015696287 
0.0215532891452 -0.0546212568879 -0.250003516674 
0.0571351908147 0.078895971179 -0.259999454021 
0.0629925876856 -0.0159920975566 -0.250183790922 
0.0352204293013 -0.0487527512014 -0.260015696287 
0.0571351908147 0.078895971179 -0.259999454021 
-0.0778248086572 0.0215271878988 -0.259991019964 
0.0147885940969 0.0955725163221 -0.249999970198 
0.205458030105 0.163266614079 -0.00374698638916 
0.20105214417 0.147309422493 -0.0163918305188 
0.09316466748710001 0.168019369245 0.16302497685 
0.205458030105 0.163266614079 -0.00374698638916 
0.101533658803 0.163380637765 -0.162676692009 
0.20105214417 0.147309422493 -0.0163918305188 
-0.19155113399 0.0479348599911 0.172376349568 
-0.191937193274 -0.08694137632850001 0.117096267641 
-0.213579207659 -0.134001255035 0.0321517549455 
-0.196592479944 0.0330824404955 -0.179139375687 
-0.213579207659 -0.134001255035 0.0321517549455 
-0.197540074587 -0.114797592163 -0.0853271484375 
-0.0671157464385 0.207757547498 0.16695868969 
0.09316466748710001 0.168019369245 0.16302497685 
-0.0596955157816 0.188338220119 0.167575284839 
-0.0709399133921 0.209295362234 -0.165572673082 
-0.06297558546070001 0.190858662128 -0.16481885314 
0.101533658803 0.163380637765 -0.162676692009 
-0.0709399133921 0.209295362234 -0.165572673082 
-0.165095999837 0.128968402743 -0.164475500584 
-0.06297558546070001 0.190858662128 -0.16481885314 
-0.0671157464385 0.207757547498 0.16695868969 
-0.0596955157816 0.188338220119 0.167575284839 
-0.162167206407 0.128699705005 0.16695868969 
-0.165095999837 0.128968402743 -0.164475500584 
-0.196592479944 0.0330824404955 -0.179139375687 
-0.166335165501 0.0983826443553 -0.166914328933 
1.0639231205 0.0131033323705 0.121611326933 
0.963316619396 -0.0248657222837 0.0663089007139 
1.06950008869 0.0547600165009 0.0119161987677 
1.06793487072 0.0417761206627 -0.08495361357929999 
1.06950008869 0.0547600165009 0.0119161987677 
0.928987562656 -0.0656992346048 -0.0744342058897 
1.06793487072 0.0417761206627 -0.08495361357929999 
0.928987562656 -0.0656992346048 -0.0744342058897 
1.05668973923 -0.0315142832696 -0.175454705954 
1.05668973923 -0.0315142832696 -0.175454705954 
0.928987562656 -0.0656992346048 -0.0744342058897 
1.03875732422 -0.140914157033 -0.210385128856 
1.02436685562 -0.237224116921 -0.184208363295 
1.03875732422 -0.140914157033 -0.210385128856 
0.920789003372 -0.232442617416 -0.0683628842235 
1.02436685562 -0.237224116921 -0.184208363295 
0.920789003372 -0.232442617416 -0.0683628842235 
1.01360833645 -0.320144951344 -0.103454589844 
1.01360833645 -0.320144951344 -0.103454589844 
0.920789003372 -0.232442617416 -0.0683628842235 
1.00979447365 -0.338273614645 0.0316619873047 
1.02086412907 -0.270341187716 0.149724721909 
1.00979447365 -0.338273614645 0.0316619873047 
0.902493774891 -0.162758916616 0.0475393682718 
1.02086412907 -0.270341187716 0.149724721909 
0.902493774891 -0.162758916616 0.0475393682718 
1.04319429398 -0.12290828675 0.19507843256 
1.04319429398 -0.12290828675 0.19507843256 
0.963316619396 -0.0248657222837 0.0663089007139 
1.0639231205 0.0131033323705 0.121611326933 
-0.0445219278336 0.189282387495 0.166959419847 
0.0387844853103 0.161443397403 -0.164516299963 
-0.0440450906754 0.190463095903 -0.164968296885 
-0.13328114152 0.147540464997 -0.164380416274 
-0.0471131615341 0.195137053728 0.166923731565 
-0.0441268272698 0.190631657839 -0.164967253804 
0.130571737885 0.144588768482 -0.130807802081 
0.0387844853103 0.161443397403 -0.164516299963 
0.0718289911747 0.155464321375 0.161334872246 
0.0549035966396 0.00416768481955 -0.319999873638 
0.0252815671265 0.02534555085 -0.319999814034 
0.0519763827324 0.0353633835912 -0.31999990344 
-0.00230908743106 0.0654103010893 -0.319999873638 
-0.0454582199454 0.00447745900601 -0.319999873638 
-0.0187635421753 0.0144986985251 -0.319999814034 
0.00882726814598 -0.0255695432425 -0.319999843836 
-0.0483853034675 0.0356731824577 -0.319999843836 
-0.0459110997617 0.0430765338242 0.319999992847 
0.0572514906526 0.0195738691837 0.319999963045 
0.855629563332 -0.0216247551143 -0.235588684678 
0.757985651493 -0.146309196949 -0.261269837618 
0.154425039887 0.0842514038086 -0.232551500201 
0.6892052888869999 -0.272388905287 0.20906829834 
0.0266215503216 -0.17829567194 0.191028282046 
-0.07721756398680001 -0.244057312608 0.0188964083791 
0.252206325531 0.103342890739 0.266705393791 
0.721944868565 0.0569617822766 0.243935883045 
0.135680228472 0.159734398127 0.199254244566 
0.903956890106 0.0687487274408 0.139538273215 
1.04339206219 -0.0998040735722 0.187450557947 
1.06866323948 0.0564173124731 0.0520220920444 
0.0458901338279 -0.0352447219193 -0.268838912249 
-0.0525876805186 -0.0218390654773 -0.269664317369 
0.0459271073341 -0.0375790186226 -0.366736888885 
0.0445879213512 -0.0300143416971 -0.268934249878 
-0.0478361696005 -0.00977776944637 -0.269839286804 
-0.0484600551426 -0.0140892406926 -0.371405333281 
-0.0516963265836 -0.0206621550024 0.368818581104 
-0.0511563681066 -0.0170578602701 0.269724011421 
0.0455302670598 -0.0397613123059 0.268736809492 
-0.0484600439668 -0.0140891643241 0.371405392885 
0.0445879250765 -0.0300142671913 0.26893439889 
0.046359565109 -0.0286044105887 0.36940819025 
-0.176122128963 0.222479090095 -0.375772923231 
-0.047601621598 0.242026820779 -0.378385990858 
0.0140599058941 0.208411350846 -0.398664116859 
0.0297752376646 0.199445992708 0.401580989361 
-0.206910699606 0.215042039752 0.367503643036 
-0.00448394753039 0.0811248794198 0.412196725607 
-0.206910699606 0.215042039752 0.367503643036 
-0.40632507205 0.189787447453 0.203480213881 
-0.407607406378 0.0210900120437 0.205535277724 
-0.40632507205 0.189787447453 0.203480213881 
-0.477518379688 0.192416161299 -0.008943672291930001 
-0.468529492617 -0.00436702696607 0.0135515592992 
-0.468529492617 -0.00436702696607 0.0135515592992 
-0.477518379688 0.192416161299 -0.008943672291930001 
-0.382469624281 0.0336874388158 -0.252194523811 
-0.206910699606 0.215042039752 0.367503643036 
-0.407607406378 0.0210900120437 0.205535277724 
-0.295939326286 -0.0513780191541 0.297058105469 
-0.1298327595 -0.07627318799500001 0.36714887619 
-0.206910699606 0.215042039752 0.367503643036 
-0.295939326286 -0.0513780191541 0.297058105469 
-0.129539340734 -0.07597900182010001 -0.368003845215 
-0.382469624281 0.0336874388158 -0.252194523811 
-0.176122128963 0.222479090095 -0.375772923231 
-0.00448394753039 0.0811248794198 0.412196725607 
-0.206910699606 0.215042039752 0.367503643036 
-0.1298327595 -0.07627318799500001 0.36714887619 
0.00407333346084 0.0903637707233 -0.417486310005 
-0.129539340734 -0.07597900182010001 -0.368003845215 
-0.176122128963 0.222479090095 -0.375772923231 
-0.407607406378 0.0210900120437 0.205535277724 
-0.468529492617 -0.00436702696607 0.0135515592992 
-0.345655202866 -0.194405823946 0.133565366268 
-0.331107020378 -0.130440369248 -0.219639882445 
-0.468529492617 -0.00436702696607 0.0135515592992 
-0.382469624281 0.0336874388158 -0.252194523811 
-0.350163131952 -0.210978001356 -0.0562649518251 
-0.468529492617 -0.00436702696607 0.0135515592992 
-0.331107020378 -0.130440369248 -0.219639882445 
-0.331107020378 -0.130440369248 -0.219639882445 
-0.382469624281 0.0336874388158 -0.252194523811 
-0.129539340734 -0.07597900182010001 -0.368003845215 
-0.18429748714 -0.317533254623 -0.0675341784954 
-0.194043576717 -0.322291105986 0.0449078343809 
-0.350163131952 -0.210978001356 -0.0562649518251 
-0.110283508897 -0.216734915972 -0.291335433722 
-0.18429748714 -0.317533254623 -0.0675341784954 
-0.331107020378 -0.130440369248 -0.219639882445 
-0.295939326286 -0.0513780191541 0.297058105469 
-0.345655202866 -0.194405823946 0.133565366268 
-0.10849853605 -0.217095941305 0.291555464268 
-0.1298327595 -0.07627318799500001 0.36714887619 
-0.295939326286 -0.0513780191541 0.297058105469 
-0.10849853605 -0.217095941305 0.291555464268 
-0.10849853605 -0.217095941305 0.291555464268 
-0.345655202866 -0.194405823946 0.133565366268 
-0.194043576717 -0.322291105986 0.0449078343809 
0.0248168949038 -0.136845394969 -0.352575689554 
-0.110283508897 -0.216734915972 -0.291335433722 
-0.129539340734 -0.07597900182010001 -0.368003845215 
0.130401611328 -0.00347564695403 0.369368046522 
-0.1298327595 -0.07627318799500001 0.36714887619 
0.024818725884 -0.136839896441 0.352574765682 
0.130401536822 -0.00347549421713 -0.369367867708 
0.0248168949038 -0.136845394969 -0.352575689554 
-0.129539340734 -0.07597900182010001 -0.368003845215 
0.0297752376646 0.199445992708 0.401580989361 
-0.00448394753039 0.0811248794198 0.412196725607 
0.0983143597841 0.139428094029 0.393358498812 
0.0180374141783 0.11828096211 -0.408991873264 
0.12454726547 0.0782550051808 -0.374170452356 
0.00407333346084 0.0903637707233 -0.417486310005 
0.0140599058941 0.208411350846 -0.398664116859 
0.0657894089818 0.171668857336 -0.394882470369 
0.0180374141783 0.11828096211 -0.408991873264 
-0.0757687389851 0.0275659170002 -0.364973127842 
0.0994294211268 0.105874374509 -0.367059350014 
0.0739844292402 0.154976412654 -0.374657928944 
0.08011578023429999 -0.0285986084491 -0.345232307911 
0.106365375221 0.0107792243361 -0.34918281436 
-0.0757687389851 0.0275659170002 -0.364973127842 
0.0381645187736 -0.130413204432 0.321102291346 
-0.097689203918 0.0354292280972 0.363786369562 
0.0802371129394 -0.0284933615476 0.344713509083 
0.0373945608735 -0.131105795503 -0.320909112692 
0.08011578023429999 -0.0285986084491 -0.345232307911 
-0.0757687389851 0.0275659170002 -0.364973127842 
-0.108397290111 -0.23963226378 0.222920686007 
-0.097689203918 0.0354292280972 0.363786369562 
0.0381645187736 -0.130413204432 0.321102291346 
-0.113234631717 -0.24350707233 -0.217782437801 
0.0373945608735 -0.131105795503 -0.320909112692 
-0.194857180119 -0.05241882056 -0.305382668972 
0.0373945608735 -0.131105795503 -0.320909112692 
-0.0757687389851 0.0275659170002 -0.364973127842 
-0.194857180119 -0.05241882056 -0.305382668972 
-0.310553193092 -0.188618347049 0.0639747604728 
-0.234905391932 -0.0622659288347 0.278195798397 
-0.108397290111 -0.23963226378 0.222920686007 
-0.171154990792 -0.310779124498 0.0119071956724 
-0.113234631717 -0.24350707233 -0.217782437801 
-0.340216130018 -0.152281954885 -0.0807202160358 
-0.340216130018 -0.152281954885 -0.0807202160358 
-0.194857180119 -0.05241882056 -0.305382668972 
-0.397821098566 0.00618560798466 -0.127370297909 
-0.390194684267 0.0110004423186 0.136926874518 
-0.234905391932 -0.0622659288347 0.278195798397 
-0.310553193092 -0.188618347049 0.0639747604728 
-0.390194684267 0.0110004423186 0.136926874518 
-0.340216130018 -0.152281954885 -0.0807202160358 
-0.397821098566 0.00618560798466 -0.127370297909 
-0.291511833668 0.206260293722 -0.280582875013 
-0.194857180119 -0.05241882056 -0.305382668972 
-0.0757687389851 0.0275659170002 -0.364973127842 
-0.344006329775 0.203492611647 0.233430787921 
-0.097689203918 0.0354292280972 0.363786369562 
-0.234905391932 -0.0622659288347 0.278195798397 
-0.432205051184 0.218316093087 0.034635618329 
-0.397821098566 0.00618560798466 -0.127370297909 
-0.415607601404 0.213292300701 -0.112657465041 
-0.344006329775 0.203492611647 0.233430787921 
-0.390194684267 0.0110004423186 0.136926874518 
-0.432205051184 0.218316093087 0.034635618329 
-0.415607601404 0.213292300701 -0.112657465041 
-0.397821098566 0.00618560798466 -0.127370297909 
-0.291511833668 0.206260293722 -0.280582875013 
-0.13539595902 0.238952770829 0.361793726683 
-0.097689203918 0.0354292280972 0.363786369562 
-0.344006329775 0.203492611647 0.233430787921 
0.0062399674207 0.2210919559 -0.373982280493 
-0.0757687389851 0.0275659170002 -0.364973127842 
0.0739844292402 0.154976412654 -0.374657928944 
-0.0757687389851 0.0275659170002 -0.364973127842 
0.0062399674207 0.2210919559 -0.373982280493 
-0.0661617815495 0.218508660793 -0.362954735756 
0.00577987637371 0.221202686429 0.37445306778 
-0.097689203918 0.0354292280972 0.363786369562 
-0.0659242644906 0.218483731151 0.362906783819 
0.06325592100620001 0.161886245012 -0.366923749447 
0.0062399674207 0.2210919559 -0.373982280493 
0.0739844292402 0.154976412654 -0.374657928944 
-0.435136705637 0.223984479904 0.0230825804174 
-0.465977609158 0.192449450493 0.0632789582014 
-0.379411458969 0.206072568893 0.197707816958 
-0.465977609158 0.192449450493 0.0632789582014 
-0.40632507205 0.189787447453 0.203480213881 
-0.379411458969 0.206072568893 0.197707816958 
-0.346915274858 0.196665644646 -0.227458491921 
-0.461456894875 0.197879031301 -0.10602080822 
-0.419858843088 0.215033113956 -0.0974157676101 
-0.40632507205 0.189787447453 0.203480213881 
-0.206910699606 0.215042039752 0.367503643036 
-0.305319219828 0.205077812076 0.277883917093 
-0.305314332247 0.205061033368 -0.277885735035 
-0.399297475815 0.189213335514 -0.215184926987 
-0.461456894875 0.197879031301 -0.10602080822 
-0.379411458969 0.206072568893 0.197707816958 
-0.307346194983 0.201311334968 0.277690410614 
-0.346915274858 0.196665033698 0.227458491921 
-0.157062754035 -0.296243280172 0.09365478158 
-0.194043576717 -0.322291105986 0.0449078343809 
-0.160339146852 -0.311810404062 -0.0458370968699 
-0.117589645088 -0.255329877138 -0.202302858233 
-0.160339146852 -0.311810404062 -0.0458370968699 
-0.18429748714 -0.317533254623 -0.0675341784954 
-0.111354976892 -0.250458359718 0.21018615365 
-0.118204951286 -0.250662237406 0.218977048993 
-0.157062754035 -0.296243280172 0.09365478158 
0.00481201149523 -0.165879204869 0.32194212079 
-0.118204951286 -0.250662237406 0.218977048993 
-0.0445849597454 -0.18840636313 0.283508300781 
-0.117589645088 -0.255329877138 -0.202302858233 
-0.118199460208 -0.250659167767 -0.218975827098 
-0.0445886217058 -0.188405752182 -0.283507376909 
0.100852660835 0.0944672375917 -0.36921325326 
0.114674679935 0.102261655033 -0.375559061766 
0.06325592100620001 0.161886245012 -0.366923749447 
0.016861570999 0.217021554708 0.373174875975 
0.0797815695405 0.168240889907 0.381123661995 
0.116913452744 0.108455501497 0.373120725155 
0.0797815695405 0.168240889907 0.381123661995 
0.0538473501801 0.181322023273 0.396359860897 
0.0983143597841 0.139428094029 0.393358498812 
0.0102944942191 0.221831679344 -0.378824293613 
0.0811782851815 0.16635222733 -0.381173551083 
0.06510851532219999 0.170141667128 -0.395417690277 
0.00584991462529 0.220891401172 0.377915710211 
0.0538473501801 0.181322023273 0.396359860897 
0.0797815695405 0.168240889907 0.381123661995 
0.0691180378199 0.174462273717 -0.372950285673 
0.12454726547 0.0782550051808 -0.374170452356 
0.0811782851815 0.16635222733 -0.381173551083 
0.073349609971 0.171477049589 0.371784061193 
0.115037076175 0.0993063300848 0.375695794821 
0.0996170043945 0.0990992709994 0.37028747797 
0.00577987637371 0.221202686429 0.37445306778 
0.073349609971 0.171477049589 0.371784061193 
0.067550458014 0.158760204911 0.366016298532 
0.116913452744 0.108455501497 0.373120725155 
0.0983143597841 0.139428094029 0.393358498812 
0.12195289135 0.0365460179746 0.365333616734 
0.115037076175 0.0993063300848 0.375695794821 
0.122685238719 0.0260111987591 0.363044112921 
0.0996170043945 0.0990992709994 0.37028747797 
0.103198699653 0.0103063965216 -0.360809326172 
0.122685238719 0.0260116569698 -0.363043814898 
0.100852660835 0.0944672375917 -0.36921325326 
0.08011578023429999 -0.0285986084491 -0.345232307911 
0.10317543149 -0.0585915744305 -0.350769340992 
0.103198699653 0.0103063965216 -0.360809326172 
-0.12305816263 0.232377573848 0.382469207048 
-0.0476019270718 0.242026552558 0.37838602066 
-0.0826310142875 0.247522577643 0.370063394308 
0.0102944942191 0.221831679344 -0.378824293613 
-0.047601621598 0.242026820779 -0.378385990858 
-0.0777264386415 0.242695465684 -0.363629370928 
0.0102944942191 0.221831679344 -0.378824293613 
0.0140599058941 0.208411350846 -0.398664116859 
-0.047601621598 0.242026820779 -0.378385990858 
-0.00143905635923 0.216551661491 -0.373678654432 
-0.00245941150934 0.229260399938 -0.376680523157 
-0.070475384593 0.237139433622 -0.358639657497 
-0.00245941150934 0.229260250926 0.37668043375 
0.0797815695405 0.168240889907 0.381123661995 
0.016861570999 0.217021554708 0.373174875975 
0.0691180378199 0.174462273717 -0.372950285673 
0.0811782851815 0.16635222733 -0.381173551083 
-0.00143905635923 0.216551661491 -0.373678654432 
0.0972390696406 -0.0658361837268 0.350851267576 
0.00481201149523 -0.165879204869 0.32194212079 
-0.0445849597454 -0.18840636313 0.283508300781 
0.09723937511440001 -0.0658361837268 -0.350850969553 
-0.0445886217058 -0.188405752182 -0.283507376909 
0.0058697508648 -0.165497124195 -0.322429805994 
0.00481201149523 -0.165879204869 0.32194212079 
0.024818725884 -0.136839896441 0.352574765682 
-0.107494197786 -0.241089433432 0.235753163695 
0.0058697508648 -0.165497124195 -0.322429805994 
-0.107266537845 -0.241504132748 -0.235973194242 
0.0248168949038 -0.136845394969 -0.352575689554 
-0.346915274858 0.196665033698 0.227458491921 
-0.307346194983 0.201311334968 0.277690410614 
-0.233413085341 0.214923396707 0.320947855711 
-0.346915274858 0.196665644646 -0.227458491921 
-0.233411863446 0.214923083782 -0.320947259665 
-0.307346194983 0.201310425997 -0.277686774731 
-0.305319219828 0.205077812076 0.277883917093 
-0.206910699606 0.215042039752 0.367503643036 
-0.218267515302 0.228449627757 0.339172810316 
-0.305314332247 0.205061033368 -0.277885735035 
-0.21826903522 0.228449240327 -0.339172959328 
-0.176122128963 0.222479090095 -0.375772923231 
-0.21826903522 0.228449240327 -0.339172959328 
-0.123057708144 0.232377767563 -0.382469296455 
-0.176122128963 0.222479090095 -0.375772923231 
-0.0826309397817 0.247523188591 -0.370063632727 
-0.123057708144 0.232377767563 -0.382469296455 
-0.21826903522 0.228449240327 -0.339172959328 
-0.0777264386415 0.242695465684 -0.363629370928 
-0.0826309397817 0.247523188591 -0.370063632727 
-0.21826903522 0.228449240327 -0.339172959328 
-0.0360779762268 0.0651268810034 0.371388912201 
0.058759085834 0.0527566373348 0.369408220053 
0.0579232759774 0.0566333942115 0.268899798393 
-0.0372111722827 0.07438426464800001 0.368818849325 
0.0612908937037 0.0636539980769 0.268736839294 
-0.0377693586051 0.0707826539874 0.269724011421 
-0.0360779762268 0.0651268810034 0.371388912201 
0.0579232759774 0.0566333942115 0.268899798393 
-0.0367685295641 0.0628439337015 0.269839406013 
-0.0372111722827 0.07438426464800001 0.368818849325 
0.0610019862652 0.0613776370883 0.366739451885 
0.0612908937037 0.0636539980769 0.268736839294 
-0.0372111685574 0.0743841528893 -0.368818730116 
0.0612908862531 0.0636539980769 -0.268736869097 
0.0610020048916 0.0613776184618 -0.366739541292 
3 464 468 373 
3 474 387 53 
3 474 386 387 
3 43 20 39 
3 557 43 39 
3 43 557 393 
3 362 586 397 
3 464 1040 376 
3 1040 464 373 
3 463 464 376 
3 4 20 2 
3 393 486 53 
3 486 474 53 
3 474 486 393 
3 44 557 39 
3 557 401 393 
3 828 620 50 
3 622 620 2 
3 620 4 2 
3 4 620 828 
3 586 505 397 
3 505 586 361 
3 563 554 52 
3 563 481 387 
3 481 563 52 
3 396 362 397 
3 396 554 563 
3 1040 910 376 
3 910 463 376 
3 852 622 9 
3 343 852 9 
3 12 622 2 
3 622 12 9 
3 20 12 2 
3 17 12 20 
3 658 17 53 
3 658 52 9 
3 12 658 9 
3 658 12 17 
3 387 658 53 
3 481 658 387 
3 658 481 52 
3 842 17 20 
3 43 842 20 
3 17 842 53 
3 842 393 53 
3 842 43 393 
3 464 594 468 
3 594 586 362 
3 468 594 373 
3 594 362 373 
3 463 465 464 
3 4 7 20 
3 38 828 50 
3 899 38 50 
3 537 899 50 
3 655 4 828 
3 655 7 4 
3 558 44 366 
3 44 558 557 
3 401 558 366 
3 558 401 557 
3 585 1155 463 
3 465 1155 597 
3 933 585 463 
3 910 933 463 
3 50 885 361 
3 620 885 50 
3 553 396 397 
3 396 553 554 
3 682 505 622 
3 852 682 622 
3 682 553 397 
3 682 852 343 
3 52 682 9 
3 682 343 9 
3 554 682 52 
3 553 682 554 
3 594 444 586 
3 20 259 39 
3 7 259 20 
3 259 44 39 
3 44 259 366 
3 655 259 7 
3 1110 50 361 
3 1110 537 50 
3 586 1110 361 
3 444 1110 586 
3 1110 594 464 
3 1110 444 594 
3 372 401 366 
3 372 933 401 
3 372 1155 585 
3 933 372 585 
3 545 655 828 
3 38 545 828 
3 545 38 899 
3 1017 465 463 
3 1155 1017 463 
3 1017 1155 465 
3 937 910 386 
3 937 933 910 
3 937 474 393 
3 474 937 386 
3 401 937 393 
3 933 937 401 
3 885 689 361 
3 910 930 386 
3 386 930 387 
3 930 563 387 
3 505 452 397 
3 452 682 397 
3 682 452 505 
3 671 259 655 
3 596 1110 464 
3 1110 596 537 
3 465 596 464 
3 596 465 597 
3 1155 596 597 
3 596 1155 537 
3 537 1154 899 
3 1154 372 366 
3 1155 1154 537 
3 372 1154 1155 
3 542 505 361 
3 689 542 361 
3 542 689 505 
3 505 347 622 
3 689 347 505 
3 854 689 885 
3 854 620 622 
3 854 885 620 
3 347 854 622 
3 854 347 689 
3 382 930 910 
3 382 1040 373 
3 382 910 1040 
3 362 382 373 
3 545 970 655 
3 970 671 655 
3 970 545 899 
3 970 1154 366 
3 1154 970 899 
3 382 384 930 
3 384 396 563 
3 930 384 563 
3 396 384 362 
3 384 382 362 
3 259 495 366 
3 495 970 366 
3 671 495 259 
3 970 971 671 
3 971 495 671 
3 495 971 970 
Vertices and facets:
- p464(v20): -0.44  0.22 0.023
- p468(v17): -0.38  0.21   0.2
- p373(v10): -0.41  0.19   0.2
- p474(v23): -0.18 -0.32 -0.068
- p387(v7): -0.19 -0.32 0.045
- p53(v2):  0.71 -0.36 -0.014
- p386(v19): -0.35 -0.21 -0.056
- p43(v29):     1 -0.29 -0.16
- p20(v16):   1.1 -0.23 -0.16
- p39(v9):     1  -0.2  -0.2
- p557(v24): 0.025 -0.14 -0.35
- p393(v13): -0.11 -0.22 -0.29
- p586(v30): -0.12  0.23  0.38
- p362(v18): -0.21  0.22  0.37
- p397(v3): -0.0045 0.081  0.41
- p1040(v31): -0.47  0.19 0.063
- p376(v0): -0.48  0.19 -0.0089
- p463(v32): -0.46   0.2 -0.11
- p4(v34):   1.2 -0.053 -0.12
- p2(v1):   1.2 -0.12 0.016
- p486(v37): -0.12 -0.25 -0.22
- p44(v38):  0.76 -0.15 -0.26
- p401(v39): -0.13 -0.076 -0.37
- p620(v40):   1.1 0.045  0.03
- p828(v21):   1.1 0.042 -0.085
- p50(v12):   0.7  0.16 0.014
- p622(v25):   1.1 -0.079  0.17
- p505(v41):  0.03   0.2   0.4
- p361(v6): -0.048  0.24  0.38
- p554(v42): 0.025 -0.14  0.35
- p563(v26): -0.11 -0.22  0.29
- p52(v15):  0.69 -0.27  0.21
- p481(v43): -0.12 -0.25  0.22
- p396(v44): -0.13 -0.076  0.37
- p910(v45): -0.47 -0.0044 0.014
- p852(v46):     1 -0.12   0.2
- p9(v8):   1.1 -0.28  0.14
- p343(v27):     1 -0.21  0.18
- p12(v47):   1.2 -0.26 0.026
- p17(v28):     1 -0.33 -0.025
- p658(v48):     1 -0.35 0.043
- p842(v49):     1 -0.32  -0.1
- p594(v50): -0.22  0.23  0.34
- p465(v51): -0.42  0.22 -0.097
- p7(v52):   1.1 -0.13 -0.19
- p38(v53):  0.74  0.12 -0.13
- p899(v36): -0.048  0.24 -0.38
- p537(v54): -0.083  0.25 -0.37
- p655(v55):   1.1 -0.0088 -0.17
- p558(v56): 0.063 -0.098 -0.37
- p366(v5): 0.0041  0.09 -0.42
- p1155(v57): -0.22  0.23 -0.34
- p585(v33):  -0.4  0.19 -0.22
- p597(v22): -0.18  0.24 -0.34
- p933(v58): -0.38 0.034 -0.25
- p885(v59):   1.1 0.056 0.052
- p553(v60): 0.062 -0.098  0.36
- p682(v63):  0.84 -0.12  0.27
- p444(v64): -0.14  0.24  0.36
- p259(v65):     1 -0.14 -0.21
- p1110(v66): -0.083  0.25  0.37
- p372(v67): -0.18  0.22 -0.38
- p545(v68): -0.0025  0.23 -0.38
- p1017(v69): -0.42  0.21 -0.11
- p937(v70): -0.33 -0.13 -0.22
- p689(v71):   0.9 0.069  0.14
- p930(v73): -0.35 -0.19  0.13
- p452(v74): 0.098  0.14  0.39
- p671(v75):  0.86 -0.022 -0.24
- p596(v76): -0.11  0.25 -0.35
- p1154(v77): -0.12  0.23 -0.38
- p542(v78): -0.0025  0.23  0.38
- p347(v79):  0.72 0.057  0.24
- p854(v80):   1.1 0.013  0.12
- p382(v81): -0.41 0.021  0.21
- p970(v83): 0.014  0.21  -0.4
- p384(v84):  -0.3 -0.051   0.3
- p495(v85): 0.065  0.17  -0.4
- p971(v86): 0.066  0.17 -0.39
- f75
    - flags: top simplicial
    - normal:   -0.4655    0.853    0.236
    - offset: -0.3990634
    - vertices: p464(v20) p468(v17) p373(v10)
    - neighboring facets: f233 f135 f229
- f91
    - flags: top simplicial
    - normal:  -0.04501  -0.9979 -0.04613
    - offset: -0.3282828
    - vertices: p474(v23) p387(v7) p53(v2)
    - neighboring facets: f221 f163 f93
- f93
    - flags: top simplicial
    - normal:   -0.5426  -0.8359  -0.0824
    - offset: -0.3710031
    - vertices: p474(v23) p386(v19) p387(v7)
    - neighboring facets: f356 f91 f341
- f121
    - flags: top simplicial
    - normal:    0.2511  -0.4345   -0.865
    - offset: -0.5216578
    - vertices: p43(v29) p20(v16) p39(v9)
    - neighboring facets: f310 f122 f225
- f122
    - flags: bottom simplicial
    - normal:    0.1055  -0.4317  -0.8958
    - offset: -0.3775387
    - vertices: p43(v29) p557(v24) p39(v9)
    - neighboring facets: f167 f121 f123
- f123
    - flags: top simplicial
    - normal:   0.04439   -0.654  -0.7552
    - offset: -0.3568632
    - vertices: p43(v29) p557(v24) p393(v13)
    - neighboring facets: f169 f228 f122
- f128
    - flags: bottom simplicial
    - normal:   -0.1851  0.04783   0.9816
    - offset:  -0.409306
    - vertices: p586(v30) p362(v18) p397(v3)
    - neighboring facets: f193 f180 f230
- f134
    - flags: bottom simplicial
    - normal:   -0.6428   0.7592   0.1024
    - offset: -0.4521133
    - vertices: p1040(v31) p464(v20) p376(v0)
    - neighboring facets: f138 f203 f135
- f135
    - flags: top simplicial
    - normal:   -0.5245   0.8172   0.2387
    - offset: -0.4168041
    - vertices: p1040(v31) p464(v20) p373(v10)
    - neighboring facets: f75 f390 f134
- f138
    - flags: top simplicial
    - normal:   -0.5727   0.8183 -0.04871
    - offset:  -0.431373
    - vertices: p463(v32) p464(v20) p376(v0)
    - neighboring facets: f134 f204 f236
- f146
    - flags: top simplicial
    - normal:    0.8568 -0.06364  -0.5116
    - offset:  -1.062319
    - vertices: p4(v34) p20(v16) p2(v1)
    - neighboring facets: f215 f178 f239
- f162
    - flags: bottom simplicial
    - normal:  -0.01427  -0.9047  -0.4257
    - offset: -0.3216918
    - vertices: p486(v37) p393(v13) p53(v2)
    - neighboring facets: f227 f163 f164
- f163
    - flags: top simplicial
    - normal:  -0.01888  -0.9115  -0.4108
    - offset: -0.3206658
    - vertices: p486(v37) p474(v23) p53(v2)
    - neighboring facets: f91 f162 f164
- f164
    - flags: bottom simplicial
    - normal:  -0.07495  -0.8997    -0.43
    - offset: -0.3285406
    - vertices: p486(v37) p474(v23) p393(v13)
    - neighboring facets: f340 f162 f163
- f167
    - flags: top simplicial
    - normal:    0.1065   -0.425  -0.8989
    - offset: -0.3777363
    - vertices: p44(v38) p557(v24) p39(v9)
    - neighboring facets: f122 f312 f259
- f169
    - flags: bottom simplicial
    - normal:   -0.1053  -0.4867  -0.8672
    - offset:  -0.369743
    - vertices: p401(v39) p557(v24) p393(v13)
    - neighboring facets: f123 f342 f261
- f174
    - flags: bottom simplicial
    - normal:    0.2619   0.9543  -0.1438
    - offset: -0.3317687
    - vertices: p620(v40) p828(v21) p50(v12)
    - neighboring facets: f244 f277 f179
- f177
    - flags: bottom simplicial
    - normal:    0.7598   0.5286   0.3786
    - offset: -0.8862849
    - vertices: p620(v40) p622(v25) p2(v1)
    - neighboring facets: f213 f178 f385
- f178
    - flags: top simplicial
    - normal:     0.787   0.5937  -0.1678
    - offset: -0.9035029
    - vertices: p620(v40) p4(v34) p2(v1)
    - neighboring facets: f146 f177 f179
- f179
    - flags: bottom simplicial
    - normal:    0.6137   0.7301  -0.3004
    - offset: -0.7114572
    - vertices: p620(v40) p4(v34) p828(v21)
    - neighboring facets: f253 f174 f178
- f180
    - flags: bottom simplicial
    - normal:  -0.09834   0.1171   0.9882
    - offset: -0.4172909
    - vertices: p505(v41) p586(v30) p397(v3)
    - neighboring facets: f128 f360 f181
- f181
    - flags: top simplicial
    - normal:  -0.01118   0.4626   0.8865
    - offset: -0.4479311
    - vertices: p505(v41) p586(v30) p361(v6)
    - neighboring facets: f318 f378 f180
- f187
    - flags: bottom simplicial
    - normal:   0.03487  -0.6409   0.7668
    - offset: -0.3589272
    - vertices: p554(v42) p563(v26) p52(v15)
    - neighboring facets: f192 f303 f195
- f191
    - flags: bottom simplicial
    - normal:   -0.1502  -0.8895   0.4315
    - offset:  -0.335211
    - vertices: p481(v43) p563(v26) p387(v7)
    - neighboring facets: f357 f222 f192
- f192
    - flags: top simplicial
    - normal:  -0.01922  -0.9065   0.4218
    - offset: -0.3218579
    - vertices: p481(v43) p563(v26) p52(v15)
    - neighboring facets: f187 f223 f191
- f193
    - flags: top simplicial
    - normal:   -0.2588 -0.06964   0.9634
    - offset: -0.3926296
    - vertices: p396(v44) p362(v18) p397(v3)
    - neighboring facets: f128 f283 f409
- f195
    - flags: top simplicial
    - normal:   -0.1072  -0.4828   0.8692
    - offset: -0.3698465
    - vertices: p396(v44) p554(v42) p563(v26)
    - neighboring facets: f187 f407 f284
- f203
    - flags: bottom simplicial
    - normal:   -0.9871 -0.02706   0.1577
    - offset: -0.4647455
    - vertices: p910(v45) p1040(v31) p376(v0)
    - neighboring facets: f134 f204 f391
- f204
    - flags: top simplicial
    - normal:    -0.984 -0.06397  -0.1664
    - offset: -0.4590486
    - vertices: p910(v45) p463(v32) p376(v0)
    - neighboring facets: f138 f203 f275
- f209
    - flags: top simplicial
    - normal:    0.3823  -0.2268   0.8958
    - offset:  -0.601392
    - vertices: p852(v46) p622(v25) p9(v8)
    - neighboring facets: f214 f210 f297
- f210
    - flags: bottom simplicial
    - normal:    0.3461  -0.2414   0.9066
    - offset: -0.5676147
    - vertices: p852(v46) p343(v27) p9(v8)
    - neighboring facets: f302 f209 f300
- f213
    - flags: top simplicial
    - normal:    0.7809  -0.2083   0.5889
    - offset:  -1.003089
    - vertices: p12(v47) p622(v25) p2(v1)
    - neighboring facets: f177 f215 f214
- f214
    - flags: bottom simplicial
    - normal:    0.7106  -0.2773   0.6467
    - offset: -0.9380351
    - vertices: p12(v47) p622(v25) p9(v8)
    - neighboring facets: f209 f219 f213
- f215
    - flags: bottom simplicial
    - normal:    0.8796  -0.3047  -0.3653
    - offset:  -1.121486
    - vertices: p12(v47) p20(v16) p2(v1)
    - neighboring facets: f146 f213 f216
- f216
    - flags: bottom simplicial
    - normal:    0.5279  -0.7989  -0.2884
    - offset: -0.8284419
    - vertices: p12(v47) p17(v28) p20(v16)
    - neighboring facets: f224 f215 f220
- f217
    - flags: top simplicial
    - normal:   0.06883  -0.9789  -0.1925
    - offset: -0.4043793
    - vertices: p658(v48) p17(v28) p53(v2)
    - neighboring facets: f226 f221 f220
- f218
    - flags: top simplicial
    - normal:   0.09669  -0.8154   0.5707
    - offset:  -0.408073
    - vertices: p658(v48) p52(v15) p9(v8)
    - neighboring facets: f301 f219 f223
- f219
    - flags: bottom simplicial
    - normal:    0.4509  -0.8437   0.2913
    - offset: -0.7625333
    - vertices: p658(v48) p12(v47) p9(v8)
    - neighboring facets: f214 f218 f220
- f220
    - flags: top simplicial
    - normal:     0.453  -0.8888  0.07001
    - offset: -0.7709254
    - vertices: p658(v48) p12(v47) p17(v28)
    - neighboring facets: f216 f217 f219
- f221
    - flags: bottom simplicial
    - normal:  -0.02239  -0.9599   0.2796
    - offset:  -0.326256
    - vertices: p658(v48) p387(v7) p53(v2)
    - neighboring facets: f91 f217 f222
- f222
    - flags: bottom simplicial
    - normal:  -0.02132  -0.9213   0.3884
    - offset: -0.3184897
    - vertices: p658(v48) p481(v43) p387(v7)
    - neighboring facets: f191 f221 f223
- f223
    - flags: top simplicial
    - normal:  -0.01984   -0.918    0.396
    - offset:  -0.319177
    - vertices: p658(v48) p481(v43) p52(v15)
    - neighboring facets: f192 f218 f222
- f224
    - flags: top simplicial
    - normal:    0.4458   -0.822  -0.3544
    - offset: -0.7516505
    - vertices: p842(v49) p17(v28) p20(v16)
    - neighboring facets: f216 f225 f226
- f225
    - flags: bottom simplicial
    - normal:    0.4266  -0.8173  -0.3874
    - offset: -0.7340899
    - vertices: p842(v49) p43(v29) p20(v16)
    - neighboring facets: f121 f224 f228
- f226
    - flags: bottom simplicial
    - normal:   0.06804  -0.9757  -0.2083
    - offset: -0.4028838
    - vertices: p842(v49) p17(v28) p53(v2)
    - neighboring facets: f217 f227 f224
- f227
    - flags: top simplicial
    - normal:  -0.009879  -0.8998  -0.4362
    - offset: -0.3231803
    - vertices: p842(v49) p393(v13) p53(v2)
    - neighboring facets: f162 f226 f228
- f228
    - flags: top simplicial
    - normal:  -0.004115  -0.8863  -0.4632
    - offset: -0.3274768
    - vertices: p842(v49) p43(v29) p393(v13)
    - neighboring facets: f123 f227 f225
- f229
    - flags: bottom simplicial
    - normal:   -0.2975   0.9355   0.1909
    - offset: -0.3433736
    - vertices: p594(v50) p464(v20) p468(v17)
    - neighboring facets: f75 f233 f321
- f230
    - flags: top simplicial
    - normal:   -0.2598   0.8284   0.4962
    - offset: -0.4142614
    - vertices: p594(v50) p586(v30) p362(v18)
    - neighboring facets: f128 f234 f309
- f233
    - flags: bottom simplicial
    - normal:   -0.4271   0.8316   0.3549
    - offset: -0.4035926
    - vertices: p594(v50) p468(v17) p373(v10)
    - neighboring facets: f75 f234 f229
- f234
    - flags: top simplicial
    - normal:   -0.5185   0.6736   0.5267
    - offset:  -0.445691
    - vertices: p594(v50) p362(v18) p373(v10)
    - neighboring facets: f393 f233 f230
- f236
    - flags: bottom simplicial
    - normal:   -0.3584   0.9265  -0.1143
    - offset: -0.3608619
    - vertices: p465(v51) p463(v32) p464(v20)
    - neighboring facets: f138 f369 f335
- f239
    - flags: bottom simplicial
    - normal:    0.6236  0.02902  -0.7812
    - offset: -0.8199969
    - vertices: p7(v52) p4(v34) p20(v16)
    - neighboring facets: f146 f311 f255
- f244
    - flags: top simplicial
    - normal:    0.2541   0.9521  -0.1699
    - offset: -0.3256116
    - vertices: p38(v53) p828(v21) p50(v12)
    - neighboring facets: f174 f245 f331
- f245
    - flags: bottom simplicial
    - normal:    0.2051   0.9614  -0.1833
    - offset: -0.2922944
    - vertices: p38(v53) p899(v36) p50(v12)
    - neighboring facets: f248 f244 f332
- f248
    - flags: top simplicial
    - normal:    0.1418   0.9883 -0.05597
    - offset: -0.2536265
    - vertices: p537(v54) p899(v36) p50(v12)
    - neighboring facets: f245 f317 f373
- f253
    - flags: top simplicial
    - normal:    0.5177   0.7092  -0.4786
    - offset: -0.6231581
    - vertices: p655(v55) p4(v34) p828(v21)
    - neighboring facets: f179 f330 f255
- f255
    - flags: top simplicial
    - normal:     0.475   0.2316  -0.8489
    - offset: -0.6450297
    - vertices: p655(v55) p7(v52) p4(v34)
    - neighboring facets: f239 f253 f315
- f258
    - flags: top simplicial
    - normal:    0.1287  -0.2272  -0.9653
    - offset: -0.3829959
    - vertices: p558(v56) p44(v38) p366(v5)
    - neighboring facets: f313 f260 f259
- f259
    - flags: bottom simplicial
    - normal:    0.1079  -0.4047  -0.9081
    - offset: -0.3782203
    - vertices: p558(v56) p44(v38) p557(v24)
    - neighboring facets: f167 f261 f258
- f260
    - flags: bottom simplicial
    - normal:  -0.01761  -0.2721  -0.9621
    - offset: -0.3770158
    - vertices: p558(v56) p401(v39) p366(v5)
    - neighboring facets: f326 f258 f261
- f261
    - flags: top simplicial
    - normal:  -0.02018  -0.2934  -0.9558
    - offset: -0.3766343
    - vertices: p558(v56) p401(v39) p557(v24)
    - neighboring facets: f169 f259 f260
- f263
    - flags: bottom simplicial
    - normal:   -0.3886   0.8744  -0.2907
    - offset: -0.3831552
    - vertices: p1155(v57) p585(v33) p463(v32)
    - neighboring facets: f274 f336 f328
- f265
    - flags: bottom simplicial
    - normal:   -0.1943    0.975  -0.1079
    - offset: -0.3017639
    - vertices: p1155(v57) p465(v51) p597(v22)
    - neighboring facets: f370 f371 f337
- f274
    - flags: top simplicial
    - normal:   -0.8679  0.02415  -0.4961
    - offset: -0.4578846
    - vertices: p933(v58) p585(v33) p463(v32)
    - neighboring facets: f263 f275 f329
- f275
    - flags: bottom simplicial
    - normal:   -0.9323  -0.1594  -0.3247
    - offset: -0.4330951
    - vertices: p933(v58) p910(v45) p463(v32)
    - neighboring facets: f204 f274 f339
- f276
    - flags: bottom simplicial
    - normal:    0.2307    0.939   0.2551
    - offset: -0.3128162
    - vertices: p885(v59) p50(v12) p361(v6)
    - neighboring facets: f316 f345 f277
- f277
    - flags: bottom simplicial
    - normal:    0.2554   0.9631   0.0843
    - offset: -0.3316791
    - vertices: p885(v59) p620(v40) p50(v12)
    - neighboring facets: f174 f276 f386
- f283
    - flags: top simplicial
    - normal:  -0.01727  -0.2624   0.9648
    - offset: -0.3764834
    - vertices: p553(v60) p396(v44) p397(v3)
    - neighboring facets: f193 f299 f284
- f284
    - flags: bottom simplicial
    - normal:  -0.01944  -0.2806   0.9596
    - offset: -0.3762541
    - vertices: p553(v60) p396(v44) p554(v42)
    - neighboring facets: f195 f304 f283
- f296
    - flags: top simplicial
    - normal:    0.2701   0.3009   0.9146
    - offset: -0.4353391
    - vertices: p682(v63) p505(v41) p622(v25)
    - neighboring facets: f381 f297 f362
- f297
    - flags: bottom simplicial
    - normal:    0.3308 -0.08638   0.9397
    - offset: -0.5390482
    - vertices: p682(v63) p852(v46) p622(v25)
    - neighboring facets: f209 f296 f300
- f299
    - flags: top simplicial
    - normal:    0.1146  -0.2152   0.9698
    - offset: -0.3817881
    - vertices: p682(v63) p553(v60) p397(v3)
    - neighboring facets: f283 f361 f304
- f300
    - flags: top simplicial
    - normal:    0.3202  -0.2386   0.9168
    - offset: -0.5421637
    - vertices: p682(v63) p852(v46) p343(v27)
    - neighboring facets: f210 f302 f297
- f301
    - flags: bottom simplicial
    - normal:    0.1516  -0.4803   0.8639
    - offset: -0.4159234
    - vertices: p682(v63) p52(v15) p9(v8)
    - neighboring facets: f218 f302 f303
- f302
    - flags: top simplicial
    - normal:    0.2879  -0.2987   0.9099
    - offset: -0.5205485
    - vertices: p682(v63) p343(v27) p9(v8)
    - neighboring facets: f210 f301 f300
- f303
    - flags: bottom simplicial
    - normal:     0.102  -0.4431   0.8907
    - offset: -0.3771872
    - vertices: p682(v63) p554(v42) p52(v15)
    - neighboring facets: f187 f301 f304
- f304
    - flags: bottom simplicial
    - normal:    0.1035   -0.385   0.9171
    - offset: -0.3785965
    - vertices: p682(v63) p553(v60) p554(v42)
    - neighboring facets: f284 f303 f299
- f309
    - flags: bottom simplicial
    - normal:   -0.2249   0.8817   0.4146
    - offset:  -0.391165
    - vertices: p444(v64) p594(v50) p586(v30)
    - neighboring facets: f230 f319 f322
- f310
    - flags: bottom simplicial
    - normal:    0.3549   -0.177   -0.918
    - offset: -0.5867302
    - vertices: p259(v65) p20(v16) p39(v9)
    - neighboring facets: f121 f312 f311
- f311
    - flags: bottom simplicial
    - normal:     0.424  -0.1009     -0.9
    - offset: -0.6440275
    - vertices: p259(v65) p7(v52) p20(v16)
    - neighboring facets: f239 f310 f315
- f312
    - flags: top simplicial
    - normal:     0.179  -0.1571  -0.9712
    - offset:  -0.412443
    - vertices: p259(v65) p44(v38) p39(v9)
    - neighboring facets: f167 f310 f313
- f313
    - flags: bottom simplicial
    - normal:    0.1792 -0.07648  -0.9808
    - offset: -0.4033025
    - vertices: p259(v65) p44(v38) p366(v5)
    - neighboring facets: f258 f411 f312
- f315
    - flags: bottom simplicial
    - normal:    0.3713   0.2211  -0.9018
    - offset: -0.5442885
    - vertices: p259(v65) p655(v55) p7(v52)
    - neighboring facets: f255 f311 f364
- f316
    - flags: top simplicial
    - normal:    0.1411   0.9883  0.05874
    - offset: -0.2546935
    - vertices: p1110(v66) p50(v12) p361(v6)
    - neighboring facets: f276 f318 f317
- f317
    - flags: top simplicial
    - normal:    0.1151   0.9934 8.316e-07
    - offset: -0.2363678
    - vertices: p1110(v66) p537(v54) p50(v12)
    - neighboring facets: f248 f316 f368
- f318
    - flags: bottom simplicial
    - normal:  -0.05362   0.7145   0.6975
    - offset: -0.4394301
    - vertices: p1110(v66) p586(v30) p361(v6)
    - neighboring facets: f181 f316 f319
- f319
    - flags: bottom simplicial
    - normal:   -0.2082   0.8893   0.4071
    - offset: -0.3879865
    - vertices: p1110(v66) p444(v64) p586(v30)
    - neighboring facets: f309 f318 f322
- f321
    - flags: top simplicial
    - normal:     -0.16   0.9825  0.09589
    - offset:  -0.291884
    - vertices: p1110(v66) p594(v50) p464(v20)
    - neighboring facets: f229 f367 f322
- f322
    - flags: top simplicial
    - normal:   -0.1973   0.9372   0.2876
    - offset: -0.3547247
    - vertices: p1110(v66) p444(v64) p594(v50)
    - neighboring facets: f309 f321 f319
- f326
    - flags: top simplicial
    - normal:   -0.2716 -0.06739    -0.96
    - offset: -0.3936055
    - vertices: p372(v67) p401(v39) p366(v5)
    - neighboring facets: f260 f375 f327
- f327
    - flags: top simplicial
    - normal:   -0.4476 -0.09301  -0.8894
    - offset: -0.3923474
    - vertices: p372(v67) p933(v58) p401(v39)
    - neighboring facets: f343 f326 f329
- f328
    - flags: top simplicial
    - normal:   -0.5781   0.3719  -0.7263
    - offset: -0.4574772
    - vertices: p372(v67) p1155(v57) p585(v33)
    - neighboring facets: f263 f329 f377
- f329
    - flags: bottom simplicial
    - normal:   -0.5917   0.1255  -0.7963
    - offset: -0.4313668
    - vertices: p372(v67) p933(v58) p585(v33)
    - neighboring facets: f274 f328 f327
- f330
    - flags: top simplicial
    - normal:    0.2819   0.8103  -0.5137
    - offset: -0.3785833
    - vertices: p545(v68) p655(v55) p828(v21)
    - neighboring facets: f253 f331 f399
- f331
    - flags: bottom simplicial
    - normal:    0.2678   0.8634  -0.4276
    - offset: -0.3583641
    - vertices: p545(v68) p38(v53) p828(v21)
    - neighboring facets: f244 f330 f332
- f332
    - flags: top simplicial
    - normal:    0.2627   0.8745  -0.4076
    - offset: -0.3533968
    - vertices: p545(v68) p38(v53) p899(v36)
    - neighboring facets: f245 f401 f331
- f335
    - flags: top simplicial
    - normal:   -0.3381   0.9198  -0.1993
    - offset: -0.3591366
    - vertices: p1017(v69) p465(v51) p463(v32)
    - neighboring facets: f236 f336 f337
- f336
    - flags: bottom simplicial
    - normal:   -0.3401   0.9104  -0.2354
    - offset: -0.3620726
    - vertices: p1017(v69) p1155(v57) p463(v32)
    - neighboring facets: f263 f335 f337
- f337
    - flags: top simplicial
    - normal:   -0.2873   0.9393  -0.1874
    - offset:  -0.340857
    - vertices: p1017(v69) p1155(v57) p465(v51)
    - neighboring facets: f265 f335 f336
- f338
    - flags: top simplicial
    - normal:   -0.8684  -0.3971   -0.297
    - offset:  -0.404566
    - vertices: p937(v70) p910(v45) p386(v19)
    - neighboring facets: f354 f341 f339
- f339
    - flags: top simplicial
    - normal:   -0.8789  -0.3412  -0.3335
    - offset: -0.4087434
    - vertices: p937(v70) p933(v58) p910(v45)
    - neighboring facets: f275 f338 f343
- f340
    - flags: top simplicial
    - normal:   -0.4505  -0.7488  -0.4862
    - offset: -0.3536185
    - vertices: p937(v70) p474(v23) p393(v13)
    - neighboring facets: f164 f342 f341
- f341
    - flags: bottom simplicial
    - normal:    -0.509   -0.747  -0.4276
    - offset: -0.3598941
    - vertices: p937(v70) p474(v23) p386(v19)
    - neighboring facets: f93 f338 f340
- f342
    - flags: bottom simplicial
    - normal:   -0.4343   -0.476  -0.7648
    - offset: -0.3738531
    - vertices: p937(v70) p401(v39) p393(v13)
    - neighboring facets: f169 f340 f343
- f343
    - flags: bottom simplicial
    - normal:   -0.5051  -0.3173  -0.8027
    - offset: -0.3849103
    - vertices: p937(v70) p933(v58) p401(v39)
    - neighboring facets: f327 f342 f339
- f345
    - flags: bottom simplicial
    - normal:    0.2514    0.904   0.3458
    - offset: -0.3376647
    - vertices: p689(v71) p885(v59) p361(v6)
    - neighboring facets: f276 f379 f384
- f354
    - flags: bottom simplicial
    - normal:   -0.8562  -0.5125  0.06507
    - offset: -0.4042807
    - vertices: p930(v73) p910(v45) p386(v19)
    - neighboring facets: f338 f356 f389
- f356
    - flags: bottom simplicial
    - normal:   -0.6137  -0.7852  0.08312
    - offset: -0.3758656
    - vertices: p930(v73) p386(v19) p387(v7)
    - neighboring facets: f93 f357 f354
- f357
    - flags: top simplicial
    - normal:   -0.3903  -0.7902   0.4724
    - offset:  -0.351641
    - vertices: p930(v73) p563(v26) p387(v7)
    - neighboring facets: f191 f356 f408
- f360
    - flags: bottom simplicial
    - normal:    0.1563  0.04328   0.9868
    - offset: -0.4095513
    - vertices: p452(v74) p505(v41) p397(v3)
    - neighboring facets: f180 f361 f362
- f361
    - flags: top simplicial
    - normal:    0.1721  0.01481    0.985
    - offset:   -0.40643
    - vertices: p452(v74) p682(v63) p397(v3)
    - neighboring facets: f299 f360 f362
- f362
    - flags: bottom simplicial
    - normal:    0.1977  0.09203   0.9759
    - offset: -0.4161599
    - vertices: p452(v74) p682(v63) p505(v41)
    - neighboring facets: f296 f360 f361
- f364
    - flags: top simplicial
    - normal:    0.2853   0.2421  -0.9273
    - offset: -0.4573757
    - vertices: p671(v75) p259(v65) p655(v55)
    - neighboring facets: f315 f400 f413
- f367
    - flags: top simplicial
    - normal:  -0.06987   0.9976 0.003308
    - offset: -0.2539138
    - vertices: p596(v76) p1110(v66) p464(v20)
    - neighboring facets: f321 f369 f368
- f368
    - flags: bottom simplicial
    - normal:   0.01907   0.9998 8.272e-07
    - offset: -0.2459019
    - vertices: p596(v76) p1110(v66) p537(v54)
    - neighboring facets: f317 f372 f367
- f369
    - flags: bottom simplicial
    - normal:   -0.1829   0.9784 -0.09588
    - offset: -0.2965435
    - vertices: p596(v76) p465(v51) p464(v20)
    - neighboring facets: f236 f367 f370
- f370
    - flags: top simplicial
    - normal:    -0.185   0.9778 -0.09849
    - offset: -0.2975319
    - vertices: p596(v76) p465(v51) p597(v22)
    - neighboring facets: f265 f371 f369
- f371
    - flags: bottom simplicial
    - normal:   -0.1919   0.9722  -0.1345
    - offset: -0.3095736
    - vertices: p596(v76) p1155(v57) p597(v22)
    - neighboring facets: f265 f370 f372
- f372
    - flags: top simplicial
    - normal:   -0.2082   0.9133    -0.35
    - offset: -0.3728041
    - vertices: p596(v76) p1155(v57) p537(v54)
    - neighboring facets: f376 f368 f371
- f373
    - flags: bottom simplicial
    - normal:  -0.05362   0.7145  -0.6976
    - offset: -0.4394333
    - vertices: p1154(v77) p537(v54) p899(v36)
    - neighboring facets: f248 f405 f376
- f375
    - flags: top simplicial
    - normal:    -0.145   0.1125   -0.983
    - offset: -0.4199697
    - vertices: p1154(v77) p372(v67) p366(v5)
    - neighboring facets: f326 f404 f377
- f376
    - flags: bottom simplicial
    - normal:    -0.215   0.8947  -0.3916
    - offset: -0.3841372
    - vertices: p1154(v77) p1155(v57) p537(v54)
    - neighboring facets: f372 f373 f377
- f377
    - flags: bottom simplicial
    - normal:   -0.2164   0.8929  -0.3948
    - offset: -0.3851318
    - vertices: p1154(v77) p372(v67) p1155(v57)
    - neighboring facets: f328 f376 f375
- f378
    - flags: top simplicial
    - normal:    0.2381   0.7612   0.6032
    - offset: -0.4011562
    - vertices: p542(v78) p505(v41) p361(v6)
    - neighboring facets: f181 f379 f380
- f379
    - flags: bottom simplicial
    - normal:    0.2623   0.8726   0.4121
    - offset: -0.3546251
    - vertices: p542(v78) p689(v71) p361(v6)
    - neighboring facets: f345 f378 f380
- f380
    - flags: top simplicial
    - normal:    0.2845   0.7768   0.5618
    - offset: -0.3890029
    - vertices: p542(v78) p689(v71) p505(v41)
    - neighboring facets: f383 f378 f379
- f381
    - flags: bottom simplicial
    - normal:    0.2705   0.3028   0.9139
    - offset: -0.4354364
    - vertices: p347(v79) p505(v41) p622(v25)
    - neighboring facets: f296 f387 f383
- f383
    - flags: bottom simplicial
    - normal:    0.2895   0.7538   0.5899
    - offset:  -0.395846
    - vertices: p347(v79) p689(v71) p505(v41)
    - neighboring facets: f380 f381 f388
- f384
    - flags: top simplicial
    - normal:    0.3326   0.7903   0.5146
    - offset: -0.4267779
    - vertices: p854(v80) p689(v71) p885(v59)
    - neighboring facets: f345 f386 f388
- f385
    - flags: top simplicial
    - normal:    0.5052   0.6715   0.5421
    - offset: -0.6122446
    - vertices: p854(v80) p620(v40) p622(v25)
    - neighboring facets: f177 f387 f386
- f386
    - flags: top simplicial
    - normal:    0.3917   0.7689   0.5053
    - offset:  -0.488299
    - vertices: p854(v80) p885(v59) p620(v40)
    - neighboring facets: f277 f385 f384
- f387
    - flags: bottom simplicial
    - normal:    0.3344   0.6146   0.7145
    - offset: -0.4507023
    - vertices: p854(v80) p347(v79) p622(v25)
    - neighboring facets: f381 f385 f388
- f388
    - flags: top simplicial
    - normal:    0.3168   0.7071   0.6322
    - offset: -0.4232103
    - vertices: p854(v80) p347(v79) p689(v71)
    - neighboring facets: f383 f384 f387
- f389
    - flags: top simplicial
    - normal:   -0.8744    -0.36   0.3252
    - offset: -0.4156764
    - vertices: p382(v81) p930(v73) p910(v45)
    - neighboring facets: f354 f391 f406
- f390
    - flags: top simplicial
    - normal:     -0.92  0.01176   0.3917
    - offset: -0.4557616
    - vertices: p382(v81) p1040(v31) p373(v10)
    - neighboring facets: f135 f393 f391
- f391
    - flags: top simplicial
    - normal:   -0.9485 -0.06596   0.3097
    - offset: -0.4488997
    - vertices: p382(v81) p910(v45) p1040(v31)
    - neighboring facets: f203 f390 f389
- f393
    - flags: bottom simplicial
    - normal:   -0.6363  0.01423   0.7713
    - offset: -0.4181816
    - vertices: p382(v81) p362(v18) p373(v10)
    - neighboring facets: f234 f390 f410
- f399
    - flags: bottom simplicial
    - normal:    0.2831    0.793  -0.5394
    - offset: -0.3842992
    - vertices: p970(v83) p545(v68) p655(v55)
    - neighboring facets: f330 f400 f401
- f400
    - flags: top simplicial
    - normal:    0.2691    0.348   -0.898
    - offset: -0.4343245
    - vertices: p970(v83) p671(v75) p655(v55)
    - neighboring facets: f364 f399 f415
- f401
    - flags: top simplicial
    - normal:    0.2443   0.7886  -0.5643
    - offset: -0.3927489
    - vertices: p970(v83) p545(v68) p899(v36)
    - neighboring facets: f332 f405 f399
- f404
    - flags: top simplicial
    - normal:  -0.08738   0.1641  -0.9826
    - offset:   -0.42468
    - vertices: p970(v83) p1154(v77) p366(v5)
    - neighboring facets: f375 f412 f405
- f405
    - flags: bottom simplicial
    - normal:  -0.01621   0.4945   -0.869
    - offset: -0.4492812
    - vertices: p970(v83) p1154(v77) p899(v36)
    - neighboring facets: f373 f401 f404
- f406
    - flags: bottom simplicial
    - normal:    -0.722  -0.3968   0.5667
    - offset: -0.4024186
    - vertices: p384(v84) p382(v81) p930(v73)
    - neighboring facets: f389 f408 f410
- f407
    - flags: top simplicial
    - normal:   -0.4012  -0.4797   0.7804
    - offset: -0.3751822
    - vertices: p384(v84) p396(v44) p563(v26)
    - neighboring facets: f195 f408 f409
- f408
    - flags: bottom simplicial
    - normal:   -0.4905  -0.5765   0.6535
    - offset: -0.3689043
    - vertices: p384(v84) p930(v73) p563(v26)
    - neighboring facets: f357 f407 f406
- f409
    - flags: bottom simplicial
    - normal:   -0.4001   -0.107   0.9102
    - offset: -0.3942865
    - vertices: p384(v84) p396(v44) p362(v18)
    - neighboring facets: f193 f410 f407
- f410
    - flags: top simplicial
    - normal:   -0.6315 0.006032   0.7753
    - offset: -0.4169025
    - vertices: p384(v84) p382(v81) p362(v18)
    - neighboring facets: f393 f409 f406
- f411
    - flags: bottom simplicial
    - normal:    0.2172   0.1024  -0.9707
    - offset:  -0.415409
    - vertices: p495(v85) p259(v65) p366(v5)
    - neighboring facets: f313 f412 f413
- f412
    - flags: top simplicial
    - normal:     0.168   0.1413  -0.9756
    - offset: -0.4207566
    - vertices: p495(v85) p970(v83) p366(v5)
    - neighboring facets: f404 f411 f417
- f413
    - flags: bottom simplicial
    - normal:    0.2311   0.1517   -0.961
    - offset: -0.4208704
    - vertices: p495(v85) p671(v75) p259(v65)
    - neighboring facets: f364 f411 f416
- f415
    - flags: bottom simplicial
    - normal:    0.2512   0.2577   -0.933
    - offset: -0.4291879
    - vertices: p971(v86) p970(v83) p671(v75)
    - neighboring facets: f400 f416 f417
- f416
    - flags: top simplicial
    - normal:    0.2446   0.2217  -0.9439
    - offset: -0.4268976
    - vertices: p971(v86) p495(v85) p671(v75)
    - neighboring facets: f413 f415 f417
- f417
    - flags: bottom simplicial
    - normal:    0.2313   0.2283  -0.9457
    - offset: -0.4278567
    - vertices: p971(v86) p495(v85) p970(v83)
    - neighboring facets: f412 f415 f416
