3
1236 118 177
0.35426145792 0.237153083086 0.171955868602 
0.211438581347 0.217460602522 0.181605681777 
0.473901361227 0.25695720315 0.197430714965 
0.657217681408 -0.155697017908 0.304080039263 
0.628234446049 -0.221825554967 0.25455763936 
0.666133284569 -0.146381229162 0.269870907068 
0.444520562887 -0.0468926988542 0.311749577522 
0.552093565464 -0.277189999819 0.247455090284 
0.657217681408 -0.155697017908 0.304080039263 
0.204963773489 -0.223430246115 0.174350351095 
0.239223629236 -0.214011505246 0.153919070959 
0.52704590559 -0.269815504551 0.206704556942 
0.048011854291 -0.07384124398230001 0.232768669724 
0.204963773489 -0.223430246115 0.174350351095 
0.552093565464 -0.277189999819 0.247455090284 
0.650898396969 0.170715942979 0.301286906004 
0.618494987488 0.211150199175 0.259292602539 
0.571322023869 0.252702176571 0.268423914909 
0.618494987488 0.211150199175 0.259292602539 
0.567626237869 0.250612944365 0.232150107622 
0.571322023869 0.252702176571 0.268423914909 
0.204963773489 -0.223430246115 0.174350351095 
0.048011854291 -0.07384124398230001 0.232768669724 
0.11016754061 -0.148469999433 0.171180725098 
0.0660256743431 0.0919815823436 0.227429911494 
0.048011854291 -0.07384124398230001 0.232768669724 
0.444520562887 -0.0468926988542 0.311749577522 
0.473901361227 0.25695720315 0.197430714965 
0.211438581347 0.217460602522 0.181605681777 
0.571322023869 0.252702176571 0.268423914909 
0.571322023869 0.252702176571 0.268423914909 
0.211438581347 0.217460602522 0.181605681777 
0.0660256743431 0.0919815823436 0.227429911494 
0.211438581347 0.217460602522 0.181605681777 
0.35426145792 0.237153083086 0.171955868602 
0.182729035616 0.185566499829 0.16033026576 
0.0390890128911 -0.00301773054525 0.210695445538 
0.048011854291 -0.07384124398230001 0.232768669724 
0.0660256743431 0.0919815823436 0.227429911494 
0.211438581347 0.217460602522 0.181605681777 
0.182729035616 0.185566499829 0.16033026576 
0.0821672827005 0.113790281117 0.1868942976 
0.0533578470349 -0.0746364071965 0.199336156249 
0.11016754061 -0.148469999433 0.171180725098 
0.048011854291 -0.07384124398230001 0.232768669724 
0.692216455936 -0.186716705561 -0.0281687900424 
0.6641694307330001 -0.181408897042 -0.0697074308991 
0.6641694307330001 -0.0763465166092 -0.0958564132452 
0.6641694307330001 -0.0763465166092 -0.0958564132452 
0.6641694307330001 -0.181408897042 -0.0697074308991 
0.666802942753 -0.13689622283 -0.0971221104264 
0.692216455936 -0.186716705561 -0.0281687900424 
0.686216592789 -0.0502550601959 -0.0573011375964 
0.692216455936 -0.07638726383449999 -0.0113166999072 
0.400783002377 -2.00653066713e-05 -0.224211752415 
0.450728058815 0.054963760078 -0.217891767621 
0.44377425313 0.0312838554382 -0.221275940537 
0.45858964324 -0.0456381589174 -0.216605365276 
0.400783002377 -2.00653066713e-05 -0.224211752415 
0.436147749424 -0.0108847236261 -0.225537717342 
0.52087533474 0.0597483031452 -0.165453374386 
0.509250640869 0.0441391170025 -0.183748170733 
0.474478334188 0.0534145012498 -0.204000607133 
0.529744625092 0.00945585221052 -0.175527647138 
0.515974104404 -0.0609608367085 -0.169555455446 
0.521459639072 -0.0286105908453 -0.17639708519 
0.400783002377 -2.00653066713e-05 -0.224211752415 
0.390959739685 0.06891135871409999 -0.17076164484 
0.450728058815 0.054963760078 -0.217891767621 
0.515974104404 -0.0609608367085 -0.169555455446 
0.454345583916 -0.08477624505759999 -0.156215041876 
0.493490517139 -0.0524641312659 -0.195404499769 
0.529744625092 0.00945585221052 -0.175527647138 
0.537679135799 -0.0268585961312 -0.139519989491 
0.515974104404 -0.0609608367085 -0.169555455446 
0.52087533474 0.0597483031452 -0.165453374386 
0.537679135799 -0.0268585961312 -0.139519989491 
0.529744625092 0.00945585221052 -0.175527647138 
0.45858964324 -0.0456381589174 -0.216605365276 
0.39261496067 -0.081470489502 -0.16656242311 
0.400783002377 -2.00653066713e-05 -0.224211752415 
0.454345583916 -0.08477624505759999 -0.156215041876 
0.39261496067 -0.081470489502 -0.16656242311 
0.45858964324 -0.0456381589174 -0.216605365276 
0.271812289953 0.287766039371 -0.07904155552390001 
0.00106763117947 0.196362107992 -0.07842589914799999 
0.00115169899072 0.204084351659 0.0469787605107 
0.22720824182 -0.188649624586 -0.239571988583 
0.271811753511 -0.287339508533 -0.0790411010385 
0.00115864560939 -0.211191594601 0.0195427890867 
0.230914831161 0.203652113676 -0.221880182624 
0.186832264066 0.0654073283076 -0.283059597015 
0.00118962593842 0.09658584743739999 -0.185965463519 
0.00123958976474 -0.059030149132 -0.199896872044 
0.186832264066 0.0654073283076 -0.283059597015 
0.22720824182 -0.188649624586 -0.239571988583 
0.00123958976474 -0.059030149132 -0.199896872044 
0.00118962593842 0.09658584743739999 -0.185965463519 
0.186832264066 0.0654073283076 -0.283059597015 
0.00115169899072 0.204084351659 0.0469787605107 
0.00104210805148 0.139832913876 0.15967208147 
0.406141340733 0.25489833951 0.171519622207 
0.00115864560939 -0.211191594601 0.0195427890867 
0.620090246201 -0.335667788982 0.154401168227 
0.263421922922 -0.223378181458 0.151884227991 
0.446947306395 0.294596463442 -0.0873588547111 
0.402919918299 0.256180256605 -0.18304336071 
0.271812289953 0.287766039371 -0.07904155552390001 
0.271811753511 -0.287339508533 -0.0790411010385 
0.22720824182 -0.188649624586 -0.239571988583 
0.40549877286 -0.204703822732 -0.243599236012 
0.402919918299 0.256180256605 -0.18304336071 
0.230914831161 0.203652113676 -0.221880182624 
0.271812289953 0.287766039371 -0.07904155552390001 
0.413144826889 0.153408810496 -0.273377835751 
0.186832264066 0.0654073283076 -0.283059597015 
0.230914831161 0.203652113676 -0.221880182624 
0.352023929358 -0.0168783180416 -0.320346325636 
0.40549877286 -0.204703822732 -0.243599236012 
0.22720824182 -0.188649624586 -0.239571988583 
0.620089530945 0.336094349623 0.154401093721 
0.546074926853 0.202070370317 0.251857459545 
0.680291414261 0.244743183255 0.258430093527 
0.787748336792 -0.273119300604 0.165055155754 
0.662214934826 -0.339796960354 0.032523650676 
0.735704123974 -0.299018055201 0.0591987594962 
0.735704541206 0.299444317818 0.0591988377273 
0.662215232849 0.34022346139 0.0325235724449 
0.7520596385 0.300142049789 0.170104056597 
0.814712524414 0.117180176079 0.240613698959 
0.680291414261 0.244743183255 0.258430093527 
0.620498776436 -0.0701673179865 0.289919435978 
0.620498776436 -0.0701673179865 0.289919435978 
0.6825587153430001 -0.256946563721 0.248697891831 
0.813606917858 -0.0743151828647 0.257421553135 
0.815215587616 0.07715579867360001 0.104487814009 
0.735704541206 0.299444317818 0.0591988377273 
0.7520596385 0.300142049789 0.170104056597 
0.79697906971 -0.140964046121 0.0965742841363 
0.787748336792 -0.273119300604 0.165055155754 
0.735704123974 -0.299018055201 0.0591987594962 
0.6292915940279999 0.00127938925289 -0.00925239548087 
0.629933536053 -0.0903933122754 -0.0109855271876 
0.629246294498 -0.067892678082 -0.0446734242141 
0.6292915940279999 0.00127938925289 -0.00925239548087 
0.628981590271 0.06833017617459999 -0.06532837450499999 
0.629423975945 0.07622381299729999 -0.0255904383957 
0.62942481041 -0.0757971927524 -0.08440971374510001 
0.630768358707 -0.008649787865580001 -0.12711212039 
0.629246294498 -0.067892678082 -0.0446734242141 
0.630412220955 -0.109466128051 -0.106918379664 
0.630768358707 -0.008649787865580001 -0.12711212039 
0.62942481041 -0.0757971927524 -0.08440971374510001 
0.627389431 0.11092056334 -0.13674095273 
0.631321251392 0.130532622337 -0.106918811798 
0.629876673222 0.0908225700259 -0.0990159586072 
0.62795817852 -0.18720497191 -0.0906370505691 
0.627066850662 -0.119391016662 -0.133611291647 
0.6319879293440001 -0.14917640388 -0.09901481121779999 
0.627389431 0.11092056334 -0.13674095273 
0.62743884325 0.17900390923 -0.100810542703 
0.63249796629 0.16419929266 -0.08440955728290001 
0.63132172823 -0.13010583818 -0.00308140506968 
0.627294957638 -0.118437424302 0.0167752448469 
0.638151526451 -0.162877842784 -0.0236072540283 
0.636634409428 0.17239074409 -0.044522780925 
0.627609491348 0.140089780092 0.0172324366868 
0.631987571716 0.149602994323 -0.0109854694456 
0.629933536053 -0.0903933122754 -0.0109855271876 
0.6292915940279999 0.00127938925289 -0.00925239548087 
0.627294957638 -0.118437424302 0.0167752448469 
0.627609491348 0.140089780092 0.0172324366868 
0.6292915940279999 0.00127938925289 -0.00925239548087 
0.630599856377 0.109890379012 -0.00308140739799 
0.6292915940279999 0.00127938925289 -0.00925239548087 
0.629423975945 0.07622381299729999 -0.0255904383957 
0.630599856377 0.109890379012 -0.00308140739799 
0.638151526451 -0.162877842784 -0.0236072540283 
0.62795817852 -0.18720497191 -0.0906370505691 
0.63379997015 -0.171663016081 -0.0652702301741 
0.62743884325 0.17900390923 -0.100810542703 
0.472203046083 0.211199700832 -0.0481442250311 
0.636634409428 0.17239074409 -0.044522780925 
0.585795402527 -0.147430464625 0.0219853781164 
0.532026529312 -0.200801342726 -0.006864013616 
0.638151526451 -0.162877842784 -0.0236072540283 
0.585795521736 0.147857055068 0.0219853390008 
0.627609491348 0.140089780092 0.0172324366868 
0.636634409428 0.17239074409 -0.044522780925 
0.627294957638 -0.118437424302 0.0167752448469 
0.585795402527 -0.147430464625 0.0219853781164 
0.638151526451 -0.162877842784 -0.0236072540283 
0.62795817852 -0.18720497191 -0.0906370505691 
0.549044549465 -0.166820064187 -0.128301993012 
0.627066850662 -0.119391016662 -0.133611291647 
0.629246294498 -0.067892678082 -0.0446734242141 
0.630768358707 -0.008649787865580001 -0.12711212039 
0.6292915940279999 0.00127938925289 -0.00925239548087 
0.630768358707 -0.008649787865580001 -0.12711212039 
0.628981590271 0.06833017617459999 -0.06532837450499999 
0.6292915940279999 0.00127938925289 -0.00925239548087 
0.630768358707 -0.008649787865580001 -0.12711212039 
0.629876673222 0.0908225700259 -0.0990159586072 
0.628981590271 0.06833017617459999 -0.06532837450499999 
0.6292915940279999 0.00127938925289 -0.00925239548087 
0.45570141077 0.000213268271182 0.0201588626951 
0.585795402527 -0.147430464625 0.0219853781164 
0.6292915940279999 0.00127938925289 -0.00925239548087 
0.627609491348 0.140089780092 0.0172324366868 
0.585795521736 0.147857055068 0.0219853390008 
0.630768358707 -0.008649787865580001 -0.12711212039 
0.627066850662 -0.119391016662 -0.133611291647 
0.596351921558 -0.0558811165392 -0.144282907248 
0.630412220955 -0.109466128051 -0.106918379664 
0.627066850662 -0.119391016662 -0.133611291647 
0.630768358707 -0.008649787865580001 -0.12711212039 
0.630768358707 -0.008649787865580001 -0.12711212039 
0.627389431 0.11092056334 -0.13674095273 
0.629876673222 0.0908225700259 -0.0990159586072 
0.532026529312 -0.200801342726 -0.006864013616 
0.424560844898 -0.196228325367 -0.0952932685614 
0.62795817852 -0.18720497191 -0.0906370505691 
0.424043864012 0.203717648983 -0.0915786698461 
0.62743884325 0.17900390923 -0.100810542703 
0.549044549465 0.167246088386 -0.128303214908 
0.390959739685 0.06891135871409999 -0.17076164484 
0.549044549465 0.167246088386 -0.128303214908 
0.45434615016 0.08520272374149999 -0.156215161085 
0.424560844898 -0.196228325367 -0.0952932685614 
0.39261496067 -0.081470489502 -0.16656242311 
0.549044549465 -0.166820064187 -0.128301993012 
0.5900288224220001 0.154042288661 0.0555403791368 
0.585795521736 0.147857055068 0.0219853390008 
0.472203046083 0.211199700832 -0.0481442250311 
0.45570141077 0.000213268271182 0.0201588626951 
0.585795521736 0.147857055068 0.0219853390008 
0.5900288224220001 0.154042288661 0.0555403791368 
0.537679135799 -0.0268585961312 -0.139519989491 
0.630768358707 -0.008649787865580001 -0.12711212039 
0.596351921558 -0.0558811165392 -0.144282907248 
0.596352040768 0.0563075244427 -0.144282832742 
0.630768358707 -0.008649787865580001 -0.12711212039 
0.537679135799 -0.0268585961312 -0.139519989491 
0.627066850662 -0.119391016662 -0.133611291647 
0.549044549465 -0.166820064187 -0.128301993012 
0.53889811039 -0.132484510541 -0.16878913343 
0.538898050785 0.13291092217 -0.168789178133 
0.549044549465 0.167246088386 -0.128303214908 
0.627389431 0.11092056334 -0.13674095273 
0.45434615016 0.08520272374149999 -0.156215161085 
0.549044549465 0.167246088386 -0.128303214908 
0.538898050785 0.13291092217 -0.168789178133 
0.573235869408 -0.124057516456 0.0618625581264 
0.45570141077 0.000213268271182 0.0201588626951 
0.5900288224220001 0.154042288661 0.0555403791368 
0.39261496067 -0.081470489502 -0.16656242311 
0.424560844898 -0.196228325367 -0.0952932685614 
0.403055042028 -0.220288723707 -0.134486153722 
0.396756589413 0.202707663178 -0.161828607321 
0.424043864012 0.203717648983 -0.0915786698461 
0.390959739685 0.06891135871409999 -0.17076164484 
0.573235869408 -0.124057516456 0.0618625581264 
0.77874571085 0.000355707394192 0.0979557186365 
0.695777237415 -0.268686562777 0.0549126900733 
0.515974104404 -0.0609608367085 -0.169555455446 
0.53889811039 -0.132484510541 -0.16878913343 
0.454345583916 -0.08477624505759999 -0.156215041876 
0.45434615016 0.08520272374149999 -0.156215161085 
0.538898050785 0.13291092217 -0.168789178133 
0.52087533474 0.0597483031452 -0.165453374386 
0.596351921558 -0.0558811165392 -0.144282907248 
0.53889811039 -0.132484510541 -0.16878913343 
0.515974104404 -0.0609608367085 -0.169555455446 
0.396671354771 0.102480769157 -0.236998215318 
0.390959739685 0.06891135871409999 -0.17076164484 
0.400783002377 -2.00653066713e-05 -0.224211752415 
0.39261496067 -0.081470489502 -0.16656242311 
0.397538602352 -0.115787886083 -0.238263130188 
0.400783002377 -2.00653066713e-05 -0.224211752415 
0.504120767117 -0.259693175554 -0.0388900749385 
0.662214934826 -0.339796960354 0.032523650676 
0.421315312386 -0.285615295172 -0.113227076828 
0.446947306395 0.294596463442 -0.0873588547111 
0.662215232849 0.34022346139 0.0325235724449 
0.6763651967049999 0.2857465446 0.0471481308341 
0.421315312386 -0.285615295172 -0.113227076828 
0.40549877286 -0.204703822732 -0.243599236012 
0.403055042028 -0.220288723707 -0.134486153722 
0.446947306395 0.294596463442 -0.0873588547111 
0.424043864012 0.203717648983 -0.0915786698461 
0.396756589413 0.202707663178 -0.161828607321 
0.40549877286 -0.204703822732 -0.243599236012 
0.426043838263 -0.0353747941554 -0.305183112621 
0.397538602352 -0.115787886083 -0.238263130188 
0.413144826889 0.153408810496 -0.273377835751 
0.396756589413 0.202707663178 -0.161828607321 
0.396671354771 0.102480769157 -0.236998215318 
0.426043838263 -0.0353747941554 -0.305183112621 
0.396671354771 0.102480769157 -0.236998215318 
0.397538602352 -0.115787886083 -0.238263130188 
0.79697906971 -0.140964046121 0.0965742841363 
0.735704123974 -0.299018055201 0.0591987594962 
0.695777237415 -0.268686562777 0.0549126900733 
0.815215587616 0.07715579867360001 0.104487814009 
0.77874571085 0.000355707394192 0.0979557186365 
0.6763651967049999 0.2857465446 0.0471481308341 
0.695777237415 -0.268686562777 0.0549126900733 
0.735704123974 -0.299018055201 0.0591987594962 
0.662214934826 -0.339796960354 0.032523650676 
0.662215232849 0.34022346139 0.0325235724449 
0.735704541206 0.299444317818 0.0591988377273 
0.6763651967049999 0.2857465446 0.0471481308341 
0.7520596385 0.300142049789 0.170104056597 
0.620089530945 0.336094349623 0.154401093721 
0.680291414261 0.244743183255 0.258430093527 
0.662214934826 -0.339796960354 0.032523650676 
0.787748336792 -0.273119300604 0.165055155754 
0.620090246201 -0.335667788982 0.154401168227 
0.662214934826 -0.339796960354 0.032523650676 
0.504120767117 -0.259693175554 -0.0388900749385 
0.695777237415 -0.268686562777 0.0549126900733 
0.271811753511 -0.287339508533 -0.0790411010385 
0.662214934826 -0.339796960354 0.032523650676 
0.620090246201 -0.335667788982 0.154401168227 
0.620089530945 0.336094349623 0.154401093721 
0.662215232849 0.34022346139 0.0325235724449 
0.271812289953 0.287766039371 -0.07904155552390001 
0.263421922922 -0.223378181458 0.151884227991 
0.302045345306 -0.181506350636 0.177258446813 
0.203672990203 -0.144031599164 0.183250099421 
0.406141340733 0.25489833951 0.171519622207 
0.00104210805148 0.139832913876 0.15967208147 
0.203672990203 0.1444581002 0.183250099421 
0.263421922922 -0.223378181458 0.151884227991 
0.473032206297 -0.262443929911 0.193362116814 
0.486096978188 -0.212343901396 0.21886870265 
0.620498776436 -0.0701673179865 0.289919435978 
0.680291414261 0.244743183255 0.258430093527 
0.621070504189 0.0717350021005 0.27733489871 
0.000970239343587 -0.124526210129 0.178400531411 
0.114077590406 -0.0448302514851 0.218257397413 
0.10879445821 0.0281615629792 0.218439027667 
0.000970239343587 -0.124526210129 0.178400531411 
0.142207801342 -0.0935247093439 0.204098194838 
0.114077590406 -0.0448302514851 0.218257397413 
0.00104210805148 0.139832913876 0.15967208147 
0.00105505820829 0.0387993603945 0.2097402215 
0.10879445821 0.0281615629792 0.218439027667 
0.263421922922 -0.223378181458 0.151884227991 
0.203672990203 -0.144031599164 0.183250099421 
0.142207801342 -0.0935247093439 0.204098194838 
0.546074509621 -0.201643645763 0.251857966185 
0.6825587153430001 -0.256946563721 0.248697891831 
0.600341916084 -0.138511687517 0.268751889467 
0.600341916084 0.138938292861 0.268751889467 
0.680291414261 0.244743183255 0.258430093527 
0.546074926853 0.202070370317 0.251857459545 
0.847862780094 -0.0323428735137 0.239384829998 
0.818484783173 -0.188695147634 0.212447196245 
0.8212818503380001 -0.07381820678709999 0.123273506761 
0.8212818503380001 -0.07381820678709999 0.123273506761 
0.818484783173 -0.188695147634 0.212447196245 
0.7922137379650001 -0.208095625043 0.13684566319 
0.8212818503380001 -0.07381820678709999 0.123273506761 
0.795278906822 0.242790490389 0.112855523825 
0.84012389183 0.133890524507 0.222302541137 
0.796815872192 0.258918553591 0.158715441823 
0.84012389183 0.133890524507 0.222302541137 
0.795278906822 0.242790490389 0.112855523825 
0.8212818503380001 -0.07381820678709999 0.123273506761 
0.796076476574 0.189840689301 0.120189204812 
0.795278906822 0.242790490389 0.112855523825 
0.812086522579 0.115143656731 0.228096842766 
0.811233103275 -0.119882583618 0.226420283318 
0.847862780094 -0.0323428735137 0.239384829998 
0.789867758751 -0.178765401244 0.220847770572 
0.775188148022 -0.235921934247 0.189697265625 
0.818484783173 -0.188695147634 0.212447196245 
0.812086522579 0.115143656731 0.228096842766 
0.84012389183 0.133890524507 0.222302541137 
0.796815872192 0.258918553591 0.158715441823 
0.812086522579 0.115143656731 0.228096842766 
0.847862780094 -0.0323428735137 0.239384829998 
0.84012389183 0.133890524507 0.222302541137 
0.811233103275 -0.119882583618 0.226420283318 
0.789867758751 -0.178765401244 0.220847770572 
0.818484783173 -0.188695147634 0.212447196245 
0.482321619987 -0.07039578258989999 -0.267804801464 
0.475698798895 -0.0364213511348 -0.274861246347 
0.496781140566 -0.0351656712592 -0.268643647432 
0.496781140566 -0.0351656712592 -0.268643647432 
0.499312609434 -0.0385501608253 -0.253274708986 
0.508689820766 -0.0685982480645 -0.267171055079 
0.469031274319 -0.0364531241357 -0.25595125556 
0.485079228878 -0.061834666878 -0.24052451551 
0.482901334763 -0.041535794735 -0.259772509336 
0.532146573067 -0.000657768221572 -0.193471059203 
0.547213792801 -0.00628410326317 -0.197102889419 
0.52685713768 -0.0636891126633 -0.219572752714 
0.499312609434 -0.0385501608253 -0.253274708986 
0.50344479084 -0.06477104127409999 -0.235144644976 
0.508689820766 -0.0685982480645 -0.267171055079 
0.485079228878 -0.061834666878 -0.24052451551 
0.50344479084 -0.06477104127409999 -0.235144644976 
0.499312609434 -0.0385501608253 -0.253274708986 
0.52685713768 -0.0636891126633 -0.219572752714 
0.547213792801 -0.00628410326317 -0.197102889419 
0.534396111965 -0.016986688599 -0.165701180696 
0.50344479084 -0.06477104127409999 -0.235144644976 
0.52685713768 -0.0636891126633 -0.219572752714 
0.482321619987 -0.07039578258989999 -0.267804801464 
0.477589815855 0.0569277480245 -0.274844795465 
0.501636505127 0.0737665742636 -0.246901720762 
0.510697007179 0.0686518549919 -0.266829520464 
0.501636505127 0.0737665742636 -0.246901720762 
0.485805690289 0.0620010942221 -0.234712138772 
0.5004811882969999 0.0366946607828 -0.253445953131 
0.510697007179 0.0686518549919 -0.266829520464 
0.5004811882969999 0.0366946607828 -0.253445953131 
0.496807813644 0.0364972762764 -0.268739849329 
0.501636505127 0.0737665742636 -0.246901720762 
0.533763706684 0.0560448840261 -0.214432671666 
0.485805690289 0.0620010942221 -0.234712138772 
0.501636505127 0.0737665742636 -0.246901720762 
0.5004811882969999 0.0366946607828 -0.253445953131 
0.510697007179 0.0686518549919 -0.266829520464 
0.48391404748 0.0372576601803 -0.259834051132 
0.477589815855 0.0569277480245 -0.274844795465 
0.496807813644 0.0364972762764 -0.268739849329 
0.48391404748 0.0372576601803 -0.259834051132 
0.5004811882969999 0.0366946607828 -0.253445953131 
0.485805690289 0.0620010942221 -0.234712138772 
0.533763706684 0.0560448840261 -0.214432671666 
0.510120391846 0.0337853990495 -0.192542105913 
0.485805690289 0.0620010942221 -0.234712138772 
0.463914781809 0.00138654944021 -0.288410663605 
0.477589815855 0.0569277480245 -0.274844795465 
0.475698798895 -0.0364213511348 -0.274861246347 
0.547213792801 -0.00628410326317 -0.197102889419 
0.533763706684 0.0560448840261 -0.214432671666 
0.516305029392 0.0514248088002 -0.179740265012 
0.443812012672 -0.0271528996527 -0.216996774077 
0.428242176771 -0.0141499321908 -0.191434621811 
0.429024010897 0.0160330198705 -0.191021308303 
0.404658198357 0.0169305410236 -0.149658501148 
0.472952872515 0.0518402084708 -0.112237542868 
0.447191566229 0.0385156795382 -0.215202361345 
0.404658198357 0.0169305410236 -0.149658501148 
0.447191566229 0.0385156795382 -0.215202361345 
0.429024010897 0.0160330198705 -0.191021308303 
0.475698798895 -0.0364213511348 -0.274861246347 
0.482321619987 -0.07039578258989999 -0.267804801464 
0.463914781809 0.00138654944021 -0.288410663605 
0.477589815855 0.0569277480245 -0.274844795465 
0.48391404748 0.0372576601803 -0.259834051132 
0.470092087984 0.037355478853 -0.255856394768 
0.504135727882 -0.0595086067915 -0.185635447502 
0.482321619987 -0.07039578258989999 -0.267804801464 
0.52685713768 -0.0636891126633 -0.219572752714 
0.501636505127 0.0737665742636 -0.246901720762 
0.516305029392 0.0514248088002 -0.179740265012 
0.533763706684 0.0560448840261 -0.214432671666 
0.516305029392 0.0514248088002 -0.179740265012 
0.447191566229 0.0385156795382 -0.215202361345 
0.472952872515 0.0518402084708 -0.112237542868 
0.496807813644 0.0364972762764 -0.268739849329 
0.477589815855 0.0569277480245 -0.274844795465 
0.510697007179 0.0686518549919 -0.266829520464 
0.699862778187 0.144198566675 0.00264204014093 
0.7058256268500001 0.104016266763 0.0127541599795 
0.700940310955 0.0525561124086 -0.0152466194704 
0.697183847427 0.179265394807 -0.000626144406851 
0.699862778187 0.144198566675 0.00264204014093 
0.70514023304 0.146671876311 -0.0186627004296 
0.70514023304 0.146671876311 -0.0186627004296 
0.693095982075 0.151719883084 -0.0278016794473 
0.709819376469 0.18151524663 -0.0237387456 
0.680272936821 0.144868165255 -0.0010221862467 
0.67493724823 0.17361792922 -0.0178969856352 
0.690517485142 0.151628375053 -0.0100869843736 
0.665126919746 0.172485351562 -0.0667089819908 
0.668400466442 0.132024690509 -0.101917266846 
0.677728176117 0.183536827564 -0.0635266080499 
0.693095982075 0.151719883084 -0.0278016794473 
0.685846447945 0.178014680743 -0.0293446350843 
0.709819376469 0.18151524663 -0.0237387456 
0.67493724823 0.17361792922 -0.0178969856352 
0.685846447945 0.178014680743 -0.0293446350843 
0.693095982075 0.151719883084 -0.0278016794473 
0.685846447945 0.178014680743 -0.0293446350843 
0.665126919746 0.172485351562 -0.0667089819908 
0.677728176117 0.183536827564 -0.0635266080499 
0.677728176117 0.183536827564 -0.0635266080499 
0.668400466442 0.132024690509 -0.101917266846 
0.634796798229 0.143363714218 -0.104589298368 
0.685846447945 0.178014680743 -0.0293446350843 
0.677728176117 0.183536827564 -0.0635266080499 
0.697183847427 0.179265394807 -0.000626144406851 
0.603850066662 0.122283495963 -0.00239261984825 
0.604196250439 0.0925322324038 -0.00753799406812 
0.633928000927 0.135299101472 -0.000309398164973 
0.700940310955 0.0525561124086 -0.0152466194704 
0.688940107822 0.0420206934214 -0.0524648837745 
0.710527122021 0.0466818623245 -0.0494519025087 
0.688940107822 0.0420206934214 -0.0524648837745 
0.671789228916 0.0468224324286 -0.0436050407588 
0.699159443378 0.07790435850620001 -0.0415328033268 
0.710527122021 0.0466818623245 -0.0494519025087 
0.699159443378 0.07790435850620001 -0.0415328033268 
0.702232599258 0.0750846937299 -0.0262285415083 
0.688940107822 0.0420206934214 -0.0524648837745 
0.699159443378 0.07790435850620001 -0.0415328033268 
0.710527122021 0.0466818623245 -0.0494519025087 
0.67047727108 0.0766308605671 -0.0380412265658 
0.699159443378 0.07790435850620001 -0.0415328033268 
0.671789228916 0.0468224324286 -0.0436050407588 
0.676561117172 0.0658242851496 -0.0926138833165 
0.638562560081 0.0805208981037 -0.0739298984408 
0.671789228916 0.0468224324286 -0.0436050407588 
0.668400466442 0.132024690509 -0.101917266846 
0.676561117172 0.0658242851496 -0.0926138833165 
0.637909412384 0.0720519796014 -0.09412654489279999 
0.638562560081 0.0805208981037 -0.0739298984408 
0.676561117172 0.0658242851496 -0.0926138833165 
0.653342247009 0.104900054634 -0.09020782262090001 
0.668400466442 0.132024690509 -0.101917266846 
0.658314824104 0.124384075403 -0.0905590802431 
0.653342247009 0.104900054634 -0.09020782262090001 
0.5560349226 0.091843791306 -0.00772964442149 
0.557772517204 0.0709830075502 -0.09045913815499999 
0.634063780308 0.0712926387787 -0.0154785728082 
0.5560349226 0.091843791306 -0.00772964442149 
0.634063780308 0.0712926387787 -0.0154785728082 
0.604196250439 0.0925322324038 -0.00753799406812 
0.699862778187 0.144198566675 0.00264204014093 
0.697183847427 0.179265394807 -0.000626144406851 
0.7058256268500001 0.104016266763 0.0127541599795 
0.6862089633939999 0.0760215967894 -0.0340669490397 
0.699159443378 0.07790435850620001 -0.0415328033268 
0.67047727108 0.0766308605671 -0.0380412265658 
0.700940310955 0.0525561124086 -0.0152466194704 
0.702232599258 0.0750846937299 -0.0262285415083 
0.680721640587 0.072349242866 -0.0147898858413 
0.6369301080699999 0.178958296776 -0.061581492424 
0.697183847427 0.179265394807 -0.000626144406851 
0.677728176117 0.183536827564 -0.0635266080499 
0.688940107822 0.0420206934214 -0.0524648837745 
0.637909412384 0.0720519796014 -0.09412654489279999 
0.676561117172 0.0658242851496 -0.0926138833165 
0.637909412384 0.0720519796014 -0.09412654489279999 
0.634063780308 0.0712926387787 -0.0154785728082 
0.557772517204 0.0709830075502 -0.09045913815499999 
0.702232599258 0.0750846937299 -0.0262285415083 
0.700940310955 0.0525561124086 -0.0152466194704 
0.710527122021 0.0466818623245 -0.0494519025087 
0.695872008801 -0.0759330764413 -0.0128438752145 
0.701290726662 -0.109322920442 0.0102269118652 
0.696953594685 -0.167505294085 0.00167362205684 
0.693193256855 -0.0440988242626 -0.027908353135 
0.695872008801 -0.0759330764413 -0.0128438752145 
0.7011494040489999 -0.0808953866363 -0.0337097011507 
0.7011494040489999 -0.0808953866363 -0.0337097011507 
0.689105272293 -0.0792771205306 -0.044024143368 
0.705910146236 -0.0499693490565 -0.0503898598254 
0.676282763481 -0.0765566974878 -0.0165159609169 
0.670946657658 -0.0553130060434 -0.0422063954175 
0.686526715755 -0.0733044818044 -0.027346342802 
0.654027104378 -0.126657098532 -0.09480468183760001 
0.664769172668 -0.122612148523 -0.106514662504 
0.672701179981 -0.0560047142208 -0.0867400318384 
0.689105272293 -0.0792771205306 -0.044024143368 
0.67550444603 -0.0552929677069 -0.0610150136054 
0.705910146236 -0.0499693490565 -0.0503898598254 
0.670946657658 -0.0553130060434 -0.0422063954175 
0.67550444603 -0.0552929677069 -0.0610150136054 
0.689105272293 -0.0792771205306 -0.044024143368 
0.672701179981 -0.0560047142208 -0.0867400318384 
0.664769172668 -0.122612148523 -0.106514662504 
0.630806028843 -0.113392874599 -0.113322809339 
0.67550444603 -0.0552929677069 -0.0610150136054 
0.672701179981 -0.0560047142208 -0.0867400318384 
0.693193256855 -0.0440988242626 -0.027908353135 
0.629074394703 -0.07252897322180001 -0.0157477278262 
0.693193256855 -0.0440988242626 -0.027908353135 
0.672701179981 -0.0560047142208 -0.0867400318384 
0.552088022232 -0.06897102296349999 -0.039616394788 
0.551863789558 -0.09869660437110001 -0.0109204696491 
0.600015103817 -0.0979887396097 -0.00962409935892 
0.696953594685 -0.167505294085 0.00167362205684 
0.684751331806 -0.189748927951 -0.0302790440619 
0.706536471844 -0.185385927558 -0.0284434501082 
0.706536471844 -0.185385927558 -0.0284434501082 
0.6898378729820001 -0.153539955616 -0.031870290637 
0.701246023178 -0.151465266943 -0.0212407056242 
0.665645122528 -0.182080686092 -0.0237487796694 
0.684751331806 -0.189748927951 -0.0302790440619 
0.671359717846 -0.183382570744 -0.0755723565817 
0.684751331806 -0.189748927951 -0.0302790440619 
0.6898378729820001 -0.153539955616 -0.031870290637 
0.706536471844 -0.185385927558 -0.0284434501082 
0.687086462975 -0.151048511267 -0.0144974039868 
0.696953594685 -0.167505294085 0.00167362205684 
0.701246023178 -0.151465266943 -0.0212407056242 
0.666486442089 -0.153339996934 -0.027964476496 
0.6898378729820001 -0.153539955616 -0.031870290637 
0.684751331806 -0.189748927951 -0.0302790440619 
0.687086462975 -0.151048511267 -0.0144974039868 
0.6898378729820001 -0.153539955616 -0.031870290637 
0.666486442089 -0.153339996934 -0.027964476496 
0.671359717846 -0.183382570744 -0.0755723565817 
0.627157688141 -0.157782286406 -0.0372215434909 
0.665645122528 -0.182080686092 -0.0237487796694 
0.671359717846 -0.183382570744 -0.0755723565817 
0.648759901524 -0.14985665679 -0.0811689719558 
0.627157688141 -0.157782286406 -0.0372215434909 
0.629074394703 -0.07252897322180001 -0.0157477278262 
0.600015103817 -0.0979887396097 -0.00962409935892 
0.600047886372 -0.127866089344 -0.00525268027559 
0.551918983459 -0.131591275334 0.00222679134458 
0.631124317646 -0.176540121436 -0.0294001437724 
0.600047886372 -0.127866089344 -0.00525268027559 
0.695872008801 -0.0759330764413 -0.0128438752145 
0.693193256855 -0.0440988242626 -0.027908353135 
0.701290726662 -0.109322920442 0.0102269118652 
0.696953594685 -0.167505294085 0.00167362205684 
0.687086462975 -0.151048511267 -0.0144974039868 
0.676730573177 -0.14941085875 -0.00465065008029 
0.629074394703 -0.07252897322180001 -0.0157477278262 
0.631124317646 -0.176540121436 -0.0294001437724 
0.701290726662 -0.109322920442 0.0102269118652 
0.551918983459 -0.131591275334 0.00222679134458 
0.55390304327 -0.130644410849 -0.113692246377 
0.631124317646 -0.176540121436 -0.0294001437724 
0.630806028843 -0.113392874599 -0.113322809339 
0.55390304327 -0.130644410849 -0.113692246377 
0.552088022232 -0.06897102296349999 -0.039616394788 
0.701246023178 -0.151465266943 -0.0212407056242 
0.696953594685 -0.167505294085 0.00167362205684 
0.706536471844 -0.185385927558 -0.0284434501082 
0.689800560474 0.0467387288809 -0.0538002289832 
0.68860077858 0.184302598238 -0.0296918600798 
0.693150401115 0.142663002014 0.00315488013439 
0.666227042675 0.175329402089 -0.0752137005329 
0.662485480309 0.0681870207191 -0.0903258770704 
0.666916966438 0.1196051687 -0.0990698412061 
0.689800560474 0.0467387288809 -0.0538002289832 
0.662485480309 0.0681870207191 -0.0903258770704 
0.666227042675 0.175329402089 -0.0752137005329 
0.490413278341 0.06755699217320001 -0.248924806714 
0.516193985939 0.0562930181623 -0.208129197359 
0.5290979743000001 -0.0511099286377 -0.203661099076 
0.5290979743000001 -0.0511099286377 -0.203661099076 
0.516193985939 0.0562930181623 -0.208129197359 
0.536552131176 0.0088893128559 -0.199277952313 
0.490413278341 0.06755699217320001 -0.248924806714 
0.499814897776 -0.07155922055239999 -0.240877091885 
0.475606501102 -0.0398397892714 -0.273983597755 
0.552093565464 -0.277189999819 0.247455090284 
0.628234446049 -0.221825554967 0.25455763936 
0.657217681408 -0.155697017908 0.304080039263 
0.52704590559 -0.269815504551 0.206704556942 
0.628234446049 -0.221825554967 0.25455763936 
0.552093565464 -0.277189999819 0.247455090284 
0.666133284569 -0.146381229162 0.269870907068 
0.681756556034 -0.00548645015806 0.277225196362 
0.657217681408 -0.155697017908 0.304080039263 
0.552093565464 -0.277189999819 0.247455090284 
0.204963773489 -0.223430246115 0.174350351095 
0.52704590559 -0.269815504551 0.206704556942 
0.657217681408 -0.155697017908 0.304080039263 
0.681756556034 -0.00548645015806 0.277225196362 
0.650898396969 0.170715942979 0.301286906004 
0.681756556034 -0.00548645015806 0.277225196362 
0.666472911835 0.132268220186 0.275367736816 
0.650898396969 0.170715942979 0.301286906004 
0.444520562887 -0.0468926988542 0.311749577522 
0.048011854291 -0.07384124398230001 0.232768669724 
0.552093565464 -0.277189999819 0.247455090284 
0.444520562887 -0.0468926988542 0.311749577522 
0.657217681408 -0.155697017908 0.304080039263 
0.650898396969 0.170715942979 0.301286906004 
0.650898396969 0.170715942979 0.301286906004 
0.666472911835 0.132268220186 0.275367736816 
0.618494987488 0.211150199175 0.259292602539 
0.11016754061 -0.148469999433 0.171180725098 
0.239223629236 -0.214011505246 0.153919070959 
0.204963773489 -0.223430246115 0.174350351095 
0.571322023869 0.252702176571 0.268423914909 
0.567626237869 0.250612944365 0.232150107622 
0.473901361227 0.25695720315 0.197430714965 
0.444520562887 -0.0468926988542 0.311749577522 
0.650898396969 0.170715942979 0.301286906004 
0.0660256743431 0.0919815823436 0.227429911494 
0.650898396969 0.170715942979 0.301286906004 
0.571322023869 0.252702176571 0.268423914909 
0.0660256743431 0.0919815823436 0.227429911494 
0.0533578470349 -0.0746364071965 0.199336156249 
0.048011854291 -0.07384124398230001 0.232768669724 
0.0390890128911 -0.00301773054525 0.210695445538 
0.0821672827005 0.113790281117 0.1868942976 
0.0390890128911 -0.00301773054525 0.210695445538 
0.0660256743431 0.0919815823436 0.227429911494 
0.0660256743431 0.0919815823436 0.227429911494 
0.211438581347 0.217460602522 0.181605681777 
0.0821672827005 0.113790281117 0.1868942976 
0.686216592789 -0.0502550601959 -0.0573011375964 
0.692216455936 -0.186716705561 -0.0281687900424 
0.6641694307330001 -0.0763465166092 -0.0958564132452 
0.692216455936 -0.159599095583 -0.00101350003388 
0.692216455936 -0.186716705561 -0.0281687900424 
0.692216455936 -0.07638726383449999 -0.0113166999072 
0.436147749424 -0.0108847236261 -0.225537717342 
0.400783002377 -2.00653066713e-05 -0.224211752415 
0.44377425313 0.0312838554382 -0.221275940537 
0.44377425313 0.0312838554382 -0.221275940537 
0.450728058815 0.054963760078 -0.217891767621 
0.474478334188 0.0534145012498 -0.204000607133 
0.450728058815 0.054963760078 -0.217891767621 
0.52087533474 0.0597483031452 -0.165453374386 
0.474478334188 0.0534145012498 -0.204000607133 
0.493490517139 -0.0524641312659 -0.195404499769 
0.521459639072 -0.0286105908453 -0.17639708519 
0.515974104404 -0.0609608367085 -0.169555455446 
0.52087533474 0.0597483031452 -0.165453374386 
0.529744625092 0.00945585221052 -0.175527647138 
0.509250640869 0.0441391170025 -0.183748170733 
0.493490517139 -0.0524641312659 -0.195404499769 
0.454345583916 -0.08477624505759999 -0.156215041876 
0.45858964324 -0.0456381589174 -0.216605365276 
0.45434615016 0.08520272374149999 -0.156215161085 
0.52087533474 0.0597483031452 -0.165453374386 
0.450728058815 0.054963760078 -0.217891767621 
0.390959739685 0.06891135871409999 -0.17076164484 
0.45434615016 0.08520272374149999 -0.156215161085 
0.450728058815 0.054963760078 -0.217891767621 
0.00117380882148 -0.176861345768 -0.111571960151 
0.22720824182 -0.188649624586 -0.239571988583 
0.00115864560939 -0.211191594601 0.0195427890867 
0.271812289953 0.287766039371 -0.07904155552390001 
0.230914831161 0.203652113676 -0.221880182624 
0.00106763117947 0.196362107992 -0.07842589914799999 
0.00117380882148 -0.176861345768 -0.111571960151 
0.00123958976474 -0.059030149132 -0.199896872044 
0.22720824182 -0.188649624586 -0.239571988583 
0.00106763117947 0.196362107992 -0.07842589914799999 
0.230914831161 0.203652113676 -0.221880182624 
0.00118962593842 0.09658584743739999 -0.185965463519 
0.000970239343587 -0.124526210129 0.178400531411 
0.00115864560939 -0.211191594601 0.0195427890867 
0.263421922922 -0.223378181458 0.151884227991 
0.186832264066 0.0654073283076 -0.283059597015 
0.352023929358 -0.0168783180416 -0.320346325636 
0.22720824182 -0.188649624586 -0.239571988583 
0.620089530945 0.336094349623 0.154401093721 
0.00115169899072 0.204084351659 0.0469787605107 
0.406141340733 0.25489833951 0.171519622207 
0.00115864560939 -0.211191594601 0.0195427890867 
0.271811753511 -0.287339508533 -0.0790411010385 
0.620090246201 -0.335667788982 0.154401168227 
0.00115169899072 0.204084351659 0.0469787605107 
0.620089530945 0.336094349623 0.154401093721 
0.271812289953 0.287766039371 -0.07904155552390001 
0.421315312386 -0.285615295172 -0.113227076828 
0.271811753511 -0.287339508533 -0.0790411010385 
0.40549877286 -0.204703822732 -0.243599236012 
0.402919918299 0.256180256605 -0.18304336071 
0.413144826889 0.153408810496 -0.273377835751 
0.230914831161 0.203652113676 -0.221880182624 
0.413144826889 0.153408810496 -0.273377835751 
0.352023929358 -0.0168783180416 -0.320346325636 
0.186832264066 0.0654073283076 -0.283059597015 
0.263421922922 -0.223378181458 0.151884227991 
0.620090246201 -0.335667788982 0.154401168227 
0.473032206297 -0.262443929911 0.193362116814 
0.352023929358 -0.0168783180416 -0.320346325636 
0.426043838263 -0.0353747941554 -0.305183112621 
0.40549877286 -0.204703822732 -0.243599236012 
0.413144826889 0.153408810496 -0.273377835751 
0.426043838263 -0.0353747941554 -0.305183112621 
0.352023929358 -0.0168783180416 -0.320346325636 
0.662214934826 -0.339796960354 0.032523650676 
0.271811753511 -0.287339508533 -0.0790411010385 
0.421315312386 -0.285615295172 -0.113227076828 
0.662215232849 0.34022346139 0.0325235724449 
0.446947306395 0.294596463442 -0.0873588547111 
0.271812289953 0.287766039371 -0.07904155552390001 
0.546074509621 -0.201643645763 0.251857966185 
0.473032206297 -0.262443929911 0.193362116814 
0.620090246201 -0.335667788982 0.154401168227 
0.546074926853 0.202070370317 0.251857459545 
0.620089530945 0.336094349623 0.154401093721 
0.406141340733 0.25489833951 0.171519622207 
0.546074509621 -0.201643645763 0.251857966185 
0.620090246201 -0.335667788982 0.154401168227 
0.6825587153430001 -0.256946563721 0.248697891831 
0.813606917858 -0.0743151828647 0.257421553135 
0.6825587153430001 -0.256946563721 0.248697891831 
0.787748336792 -0.273119300604 0.165055155754 
0.814712524414 0.117180176079 0.240613698959 
0.7520596385 0.300142049789 0.170104056597 
0.680291414261 0.244743183255 0.258430093527 
0.813606917858 -0.0743151828647 0.257421553135 
0.814712524414 0.117180176079 0.240613698959 
0.620498776436 -0.0701673179865 0.289919435978 
0.814712524414 0.117180176079 0.240613698959 
0.815215587616 0.07715579867360001 0.104487814009 
0.7520596385 0.300142049789 0.170104056597 
0.6319879293440001 -0.14917640388 -0.09901481121779999 
0.627066850662 -0.119391016662 -0.133611291647 
0.630412220955 -0.109466128051 -0.106918379664 
0.631321251392 0.130532622337 -0.106918811798 
0.627389431 0.11092056334 -0.13674095273 
0.63249796629 0.16419929266 -0.08440955728290001 
0.63379997015 -0.171663016081 -0.0652702301741 
0.62795817852 -0.18720497191 -0.0906370505691 
0.6319879293440001 -0.14917640388 -0.09901481121779999 
0.62743884325 0.17900390923 -0.100810542703 
0.636634409428 0.17239074409 -0.044522780925 
0.63249796629 0.16419929266 -0.08440955728290001 
0.631987571716 0.149602994323 -0.0109854694456 
0.627609491348 0.140089780092 0.0172324366868 
0.630599856377 0.109890379012 -0.00308140739799 
0.63132172823 -0.13010583818 -0.00308140506968 
0.629933536053 -0.0903933122754 -0.0109855271876 
0.627294957638 -0.118437424302 0.0167752448469 
0.638151526451 -0.162877842784 -0.0236072540283 
0.532026529312 -0.200801342726 -0.006864013616 
0.62795817852 -0.18720497191 -0.0906370505691 
0.472203046083 0.211199700832 -0.0481442250311 
0.585795521736 0.147857055068 0.0219853390008 
0.636634409428 0.17239074409 -0.044522780925 
0.549044549465 0.167246088386 -0.128303214908 
0.62743884325 0.17900390923 -0.100810542703 
0.627389431 0.11092056334 -0.13674095273 
0.627294957638 -0.118437424302 0.0167752448469 
0.6292915940279999 0.00127938925289 -0.00925239548087 
0.585795402527 -0.147430464625 0.0219853781164 
0.45570141077 0.000213268271182 0.0201588626951 
0.6292915940279999 0.00127938925289 -0.00925239548087 
0.585795521736 0.147857055068 0.0219853390008 
0.596352040768 0.0563075244427 -0.144282832742 
0.627389431 0.11092056334 -0.13674095273 
0.630768358707 -0.008649787865580001 -0.12711212039 
0.424043864012 0.203717648983 -0.0915786698461 
0.472203046083 0.211199700832 -0.0481442250311 
0.62743884325 0.17900390923 -0.100810542703 
0.62795817852 -0.18720497191 -0.0906370505691 
0.424560844898 -0.196228325367 -0.0952932685614 
0.549044549465 -0.166820064187 -0.128301993012 
0.549044549465 -0.166820064187 -0.128301993012 
0.39261496067 -0.081470489502 -0.16656242311 
0.454345583916 -0.08477624505759999 -0.156215041876 
0.390959739685 0.06891135871409999 -0.17076164484 
0.424043864012 0.203717648983 -0.0915786698461 
0.549044549465 0.167246088386 -0.128303214908 
0.813606917858 -0.0743151828647 0.257421553135 
0.787748336792 -0.273119300604 0.165055155754 
0.815215587616 0.07715579867360001 0.104487814009 
0.815215587616 0.07715579867360001 0.104487814009 
0.787748336792 -0.273119300604 0.165055155754 
0.79697906971 -0.140964046121 0.0965742841363 
0.813606917858 -0.0743151828647 0.257421553135 
0.815215587616 0.07715579867360001 0.104487814009 
0.814712524414 0.117180176079 0.240613698959 
0.532026529312 -0.200801342726 -0.006864013616 
0.585795402527 -0.147430464625 0.0219853781164 
0.573235869408 -0.124057516456 0.0618625581264 
0.585795402527 -0.147430464625 0.0219853781164 
0.45570141077 0.000213268271182 0.0201588626951 
0.573235869408 -0.124057516456 0.0618625581264 
0.52087533474 0.0597483031452 -0.165453374386 
0.596352040768 0.0563075244427 -0.144282832742 
0.537679135799 -0.0268585961312 -0.139519989491 
0.549044549465 -0.166820064187 -0.128301993012 
0.454345583916 -0.08477624505759999 -0.156215041876 
0.53889811039 -0.132484510541 -0.16878913343 
0.596351921558 -0.0558811165392 -0.144282907248 
0.627066850662 -0.119391016662 -0.133611291647 
0.53889811039 -0.132484510541 -0.16878913343 
0.596352040768 0.0563075244427 -0.144282832742 
0.538898050785 0.13291092217 -0.168789178133 
0.627389431 0.11092056334 -0.13674095273 
0.403055042028 -0.220288723707 -0.134486153722 
0.424560844898 -0.196228325367 -0.0952932685614 
0.504120767117 -0.259693175554 -0.0388900749385 
0.424560844898 -0.196228325367 -0.0952932685614 
0.532026529312 -0.200801342726 -0.006864013616 
0.504120767117 -0.259693175554 -0.0388900749385 
0.397538602352 -0.115787886083 -0.238263130188 
0.39261496067 -0.081470489502 -0.16656242311 
0.403055042028 -0.220288723707 -0.134486153722 
0.396671354771 0.102480769157 -0.236998215318 
0.396756589413 0.202707663178 -0.161828607321 
0.390959739685 0.06891135871409999 -0.17076164484 
0.77874571085 0.000355707394192 0.0979557186365 
0.5900288224220001 0.154042288661 0.0555403791368 
0.6763651967049999 0.2857465446 0.0471481308341 
0.5900288224220001 0.154042288661 0.0555403791368 
0.77874571085 0.000355707394192 0.0979557186365 
0.573235869408 -0.124057516456 0.0618625581264 
0.532026529312 -0.200801342726 -0.006864013616 
0.573235869408 -0.124057516456 0.0618625581264 
0.695777237415 -0.268686562777 0.0549126900733 
0.537679135799 -0.0268585961312 -0.139519989491 
0.596351921558 -0.0558811165392 -0.144282907248 
0.515974104404 -0.0609608367085 -0.169555455446 
0.538898050785 0.13291092217 -0.168789178133 
0.596352040768 0.0563075244427 -0.144282832742 
0.52087533474 0.0597483031452 -0.165453374386 
0.397538602352 -0.115787886083 -0.238263130188 
0.396671354771 0.102480769157 -0.236998215318 
0.400783002377 -2.00653066713e-05 -0.224211752415 
0.472203046083 0.211199700832 -0.0481442250311 
0.446947306395 0.294596463442 -0.0873588547111 
0.6763651967049999 0.2857465446 0.0471481308341 
0.403055042028 -0.220288723707 -0.134486153722 
0.504120767117 -0.259693175554 -0.0388900749385 
0.421315312386 -0.285615295172 -0.113227076828 
0.424043864012 0.203717648983 -0.0915786698461 
0.446947306395 0.294596463442 -0.0873588547111 
0.472203046083 0.211199700832 -0.0481442250311 
0.413144826889 0.153408810496 -0.273377835751 
0.402919918299 0.256180256605 -0.18304336071 
0.396756589413 0.202707663178 -0.161828607321 
0.403055042028 -0.220288723707 -0.134486153722 
0.40549877286 -0.204703822732 -0.243599236012 
0.397538602352 -0.115787886083 -0.238263130188 
0.402919918299 0.256180256605 -0.18304336071 
0.446947306395 0.294596463442 -0.0873588547111 
0.396756589413 0.202707663178 -0.161828607321 
0.426043838263 -0.0353747941554 -0.305183112621 
0.413144826889 0.153408810496 -0.273377835751 
0.396671354771 0.102480769157 -0.236998215318 
0.77874571085 0.000355707394192 0.0979557186365 
0.79697906971 -0.140964046121 0.0965742841363 
0.695777237415 -0.268686562777 0.0549126900733 
0.735704541206 0.299444317818 0.0591988377273 
0.815215587616 0.07715579867360001 0.104487814009 
0.6763651967049999 0.2857465446 0.0471481308341 
0.815215587616 0.07715579867360001 0.104487814009 
0.79697906971 -0.140964046121 0.0965742841363 
0.77874571085 0.000355707394192 0.0979557186365 
0.620090246201 -0.335667788982 0.154401168227 
0.787748336792 -0.273119300604 0.165055155754 
0.6825587153430001 -0.256946563721 0.248697891831 
0.7520596385 0.300142049789 0.170104056597 
0.662215232849 0.34022346139 0.0325235724449 
0.620089530945 0.336094349623 0.154401093721 
0.695777237415 -0.268686562777 0.0549126900733 
0.504120767117 -0.259693175554 -0.0388900749385 
0.532026529312 -0.200801342726 -0.006864013616 
0.472203046083 0.211199700832 -0.0481442250311 
0.6763651967049999 0.2857465446 0.0471481308341 
0.5900288224220001 0.154042288661 0.0555403791368 
0.30204424262 0.181932374835 0.177258148789 
0.406141340733 0.25489833951 0.171519622207 
0.203672990203 0.1444581002 0.183250099421 
0.302045345306 -0.181506350636 0.177258446813 
0.263421922922 -0.223378181458 0.151884227991 
0.486096978188 -0.212343901396 0.21886870265 
0.30204424262 0.181932374835 0.177258148789 
0.486096262932 0.212770536542 0.21886870265 
0.406141340733 0.25489833951 0.171519622207 
0.486096978188 -0.212343901396 0.21886870265 
0.473032206297 -0.262443929911 0.193362116814 
0.546074509621 -0.201643645763 0.251857966185 
0.486096262932 0.212770536542 0.21886870265 
0.546074926853 0.202070370317 0.251857459545 
0.406141340733 0.25489833951 0.171519622207 
0.6825587153430001 -0.256946563721 0.248697891831 
0.620498776436 -0.0701673179865 0.289919435978 
0.600341916084 -0.138511687517 0.268751889467 
0.621070504189 0.0717350021005 0.27733489871 
0.680291414261 0.244743183255 0.258430093527 
0.600341916084 0.138938292861 0.268751889467 
0.00105505820829 0.0387993603945 0.2097402215 
0.000970239343587 -0.124526210129 0.178400531411 
0.10879445821 0.0281615629792 0.218439027667 
0.142207697034 0.09395118802790001 0.204098194838 
0.00104210805148 0.139832913876 0.15967208147 
0.10879445821 0.0281615629792 0.218439027667 
0.000970239343587 -0.124526210129 0.178400531411 
0.263421922922 -0.223378181458 0.151884227991 
0.142207801342 -0.0935247093439 0.204098194838 
0.203672990203 0.1444581002 0.183250099421 
0.00104210805148 0.139832913876 0.15967208147 
0.142207697034 0.09395118802790001 0.204098194838 
0.847862780094 -0.0323428735137 0.239384829998 
0.8212818503380001 -0.07381820678709999 0.123273506761 
0.84012389183 0.133890524507 0.222302541137 
0.774795949459 -0.254013240337 0.158250331879 
0.7922137379650001 -0.208095625043 0.13684566319 
0.818484783173 -0.188695147634 0.212447196245 
0.766802728176 0.268820822239 0.150357961655 
0.795278906822 0.242790490389 0.112855523825 
0.796076476574 0.189840689301 0.120189204812 
0.795278906822 0.242790490389 0.112855523825 
0.766802728176 0.268820822239 0.150357961655 
0.796815872192 0.258918553591 0.158715441823 
0.766802728176 0.268820822239 0.150357961655 
0.812086522579 0.115143656731 0.228096842766 
0.796815872192 0.258918553591 0.158715441823 
0.847862780094 -0.0323428735137 0.239384829998 
0.811233103275 -0.119882583618 0.226420283318 
0.818484783173 -0.188695147634 0.212447196245 
0.818484783173 -0.188695147634 0.212447196245 
0.775188148022 -0.235921934247 0.189697265625 
0.774795949459 -0.254013240337 0.158250331879 
0.475698798895 -0.0364213511348 -0.274861246347 
0.482901334763 -0.041535794735 -0.259772509336 
0.496781140566 -0.0351656712592 -0.268643647432 
0.482901334763 -0.041535794735 -0.259772509336 
0.485079228878 -0.061834666878 -0.24052451551 
0.499312609434 -0.0385501608253 -0.253274708986 
0.475698798895 -0.0364213511348 -0.274861246347 
0.469031274319 -0.0364531241357 -0.25595125556 
0.482901334763 -0.041535794735 -0.259772509336 
0.50344479084 -0.06477104127409999 -0.235144644976 
0.532146573067 -0.000657768221572 -0.193471059203 
0.52685713768 -0.0636891126633 -0.219572752714 
0.50344479084 -0.06477104127409999 -0.235144644976 
0.482321619987 -0.07039578258989999 -0.267804801464 
0.508689820766 -0.0685982480645 -0.267171055079 
0.504135727882 -0.0595086067915 -0.185635447502 
0.52685713768 -0.0636891126633 -0.219572752714 
0.534396111965 -0.016986688599 -0.165701180696 
0.504135727882 -0.0595086067915 -0.185635447502 
0.443812012672 -0.0271528996527 -0.216996774077 
0.482321619987 -0.07039578258989999 -0.267804801464 
0.472952872515 0.0518402084708 -0.112237542868 
0.462849110365 -0.0532730072737 -0.11708740145 
0.534396111965 -0.016986688599 -0.165701180696 
0.443812012672 -0.0271528996527 -0.216996774077 
0.404212027788 -0.014258117415 -0.149691775441 
0.428242176771 -0.0141499321908 -0.191434621811 
0.462849110365 -0.0532730072737 -0.11708740145 
0.404212027788 -0.014258117415 -0.149691775441 
0.443812012672 -0.0271528996527 -0.216996774077 
0.470092087984 0.037355478853 -0.255856394768 
0.48391404748 0.0372576601803 -0.259834051132 
0.485805690289 0.0620010942221 -0.234712138772 
0.501636505127 0.0737665742636 -0.246901720762 
0.447191566229 0.0385156795382 -0.215202361345 
0.516305029392 0.0514248088002 -0.179740265012 
0.510120391846 0.0337853990495 -0.192542105913 
0.474037915468 0.0392916873097 -0.195434868336 
0.485805690289 0.0620010942221 -0.234712138772 
0.534396111965 -0.016986688599 -0.165701180696 
0.547213792801 -0.00628410326317 -0.197102889419 
0.516305029392 0.0514248088002 -0.179740265012 
0.533763706684 0.0560448840261 -0.214432671666 
0.532146573067 -0.000657768221572 -0.193471059203 
0.510120391846 0.0337853990495 -0.192542105913 
0.533763706684 0.0560448840261 -0.214432671666 
0.547213792801 -0.00628410326317 -0.197102889419 
0.532146573067 -0.000657768221572 -0.193471059203 
0.516305029392 0.0514248088002 -0.179740265012 
0.472952872515 0.0518402084708 -0.112237542868 
0.534396111965 -0.016986688599 -0.165701180696 
0.447191566229 0.0385156795382 -0.215202361345 
0.443812012672 -0.0271528996527 -0.216996774077 
0.429024010897 0.0160330198705 -0.191021308303 
0.443812012672 -0.0271528996527 -0.216996774077 
0.447191566229 0.0385156795382 -0.215202361345 
0.463914781809 0.00138654944021 -0.288410663605 
0.477589815855 0.0569277480245 -0.274844795465 
0.447191566229 0.0385156795382 -0.215202361345 
0.501636505127 0.0737665742636 -0.246901720762 
0.477589815855 0.0569277480245 -0.274844795465 
0.463914781809 0.00138654944021 -0.288410663605 
0.447191566229 0.0385156795382 -0.215202361345 
0.482321619987 -0.07039578258989999 -0.267804801464 
0.443812012672 -0.0271528996527 -0.216996774077 
0.463914781809 0.00138654944021 -0.288410663605 
0.443812012672 -0.0271528996527 -0.216996774077 
0.504135727882 -0.0595086067915 -0.185635447502 
0.462849110365 -0.0532730072737 -0.11708740145 
0.504135727882 -0.0595086067915 -0.185635447502 
0.534396111965 -0.016986688599 -0.165701180696 
0.462849110365 -0.0532730072737 -0.11708740145 
0.482321619987 -0.07039578258989999 -0.267804801464 
0.496781140566 -0.0351656712592 -0.268643647432 
0.508689820766 -0.0685982480645 -0.267171055079 
0.699862778187 0.144198566675 0.00264204014093 
0.690517485142 0.151628375053 -0.0100869843736 
0.70514023304 0.146671876311 -0.0186627004296 
0.690517485142 0.151628375053 -0.0100869843736 
0.67493724823 0.17361792922 -0.0178969856352 
0.693095982075 0.151719883084 -0.0278016794473 
0.665126919746 0.172485351562 -0.0667089819908 
0.658314824104 0.124384075403 -0.0905590802431 
0.668400466442 0.132024690509 -0.101917266846 
0.699862778187 0.144198566675 0.00264204014093 
0.680272936821 0.144868165255 -0.0010221862467 
0.690517485142 0.151628375053 -0.0100869843736 
0.685846447945 0.178014680743 -0.0293446350843 
0.697183847427 0.179265394807 -0.000626144406851 
0.709819376469 0.18151524663 -0.0237387456 
0.6369301080699999 0.178958296776 -0.061581492424 
0.677728176117 0.183536827564 -0.0635266080499 
0.634796798229 0.143363714218 -0.104589298368 
0.6369301080699999 0.178958296776 -0.061581492424 
0.633928000927 0.135299101472 -0.000309398164973 
0.697183847427 0.179265394807 -0.000626144406851 
0.557772517204 0.0709830075502 -0.09045913815499999 
0.556919872761 0.172560244799 -0.0612054429948 
0.634796798229 0.143363714218 -0.104589298368 
0.633928000927 0.135299101472 -0.000309398164973 
0.555839002132 0.122489221394 -0.00191440572962 
0.603850066662 0.122283495963 -0.00239261984825 
0.556919872761 0.172560244799 -0.0612054429948 
0.555839002132 0.122489221394 -0.00191440572962 
0.633928000927 0.135299101472 -0.000309398164973 
0.671789228916 0.0468224324286 -0.0436050407588 
0.688940107822 0.0420206934214 -0.0524648837745 
0.676561117172 0.0658242851496 -0.0926138833165 
0.702232599258 0.0750846937299 -0.0262285415083 
0.6862089633939999 0.0760215967894 -0.0340669490397 
0.680721640587 0.072349242866 -0.0147898858413 
0.680721640587 0.072349242866 -0.0147898858413 
0.6862089633939999 0.0760215967894 -0.0340669490397 
0.67047727108 0.0766308605671 -0.0380412265658 
0.688940107822 0.0420206934214 -0.0524648837745 
0.634063780308 0.0712926387787 -0.0154785728082 
0.637909412384 0.0720519796014 -0.09412654489279999 
0.638562560081 0.0805208981037 -0.0739298984408 
0.630368053913 0.07628265023230001 -0.0482432544231 
0.671789228916 0.0468224324286 -0.0436050407588 
0.634796798229 0.143363714218 -0.104589298368 
0.668400466442 0.132024690509 -0.101917266846 
0.637909412384 0.0720519796014 -0.09412654489279999 
0.676561117172 0.0658242851496 -0.0926138833165 
0.668400466442 0.132024690509 -0.101917266846 
0.653342247009 0.104900054634 -0.09020782262090001 
0.637909412384 0.0720519796014 -0.09412654489279999 
0.557772517204 0.0709830075502 -0.09045913815499999 
0.634796798229 0.143363714218 -0.104589298368 
0.634063780308 0.0712926387787 -0.0154785728082 
0.633928000927 0.135299101472 -0.000309398164973 
0.604196250439 0.0925322324038 -0.00753799406812 
0.633928000927 0.135299101472 -0.000309398164973 
0.634063780308 0.0712926387787 -0.0154785728082 
0.7058256268500001 0.104016266763 0.0127541599795 
0.700940310955 0.0525561124086 -0.0152466194704 
0.634063780308 0.0712926387787 -0.0154785728082 
0.688940107822 0.0420206934214 -0.0524648837745 
0.700940310955 0.0525561124086 -0.0152466194704 
0.7058256268500001 0.104016266763 0.0127541599795 
0.634063780308 0.0712926387787 -0.0154785728082 
0.697183847427 0.179265394807 -0.000626144406851 
0.633928000927 0.135299101472 -0.000309398164973 
0.7058256268500001 0.104016266763 0.0127541599795 
0.633928000927 0.135299101472 -0.000309398164973 
0.6369301080699999 0.178958296776 -0.061581492424 
0.556919872761 0.172560244799 -0.0612054429948 
0.6369301080699999 0.178958296776 -0.061581492424 
0.634796798229 0.143363714218 -0.104589298368 
0.556919872761 0.172560244799 -0.0612054429948 
0.697183847427 0.179265394807 -0.000626144406851 
0.70514023304 0.146671876311 -0.0186627004296 
0.709819376469 0.18151524663 -0.0237387456 
0.695872008801 -0.0759330764413 -0.0128438752145 
0.686526715755 -0.0733044818044 -0.027346342802 
0.7011494040489999 -0.0808953866363 -0.0337097011507 
0.686526715755 -0.0733044818044 -0.027346342802 
0.670946657658 -0.0553130060434 -0.0422063954175 
0.689105272293 -0.0792771205306 -0.044024143368 
0.695872008801 -0.0759330764413 -0.0128438752145 
0.676282763481 -0.0765566974878 -0.0165159609169 
0.686526715755 -0.0733044818044 -0.027346342802 
0.67550444603 -0.0552929677069 -0.0610150136054 
0.654027104378 -0.126657098532 -0.09480468183760001 
0.672701179981 -0.0560047142208 -0.0867400318384 
0.67550444603 -0.0552929677069 -0.0610150136054 
0.693193256855 -0.0440988242626 -0.027908353135 
0.705910146236 -0.0499693490565 -0.0503898598254 
0.629074394703 -0.07252897322180001 -0.0157477278262 
0.552088022232 -0.06897102296349999 -0.039616394788 
0.600015103817 -0.0979887396097 -0.00962409935892 
0.665645122528 -0.182080686092 -0.0237487796694 
0.666486442089 -0.153339996934 -0.027964476496 
0.684751331806 -0.189748927951 -0.0302790440619 
0.676730573177 -0.14941085875 -0.00465065008029 
0.687086462975 -0.151048511267 -0.0144974039868 
0.666486442089 -0.153339996934 -0.027964476496 
0.671359717846 -0.183382570744 -0.0755723565817 
0.664769172668 -0.122612148523 -0.106514662504 
0.648759901524 -0.14985665679 -0.0811689719558 
0.684751331806 -0.189748927951 -0.0302790440619 
0.631124317646 -0.176540121436 -0.0294001437724 
0.671359717846 -0.183382570744 -0.0755723565817 
0.630806028843 -0.113392874599 -0.113322809339 
0.664769172668 -0.122612148523 -0.106514662504 
0.671359717846 -0.183382570744 -0.0755723565817 
0.630806028843 -0.113392874599 -0.113322809339 
0.671359717846 -0.183382570744 -0.0755723565817 
0.631124317646 -0.176540121436 -0.0294001437724 
0.664769172668 -0.122612148523 -0.106514662504 
0.654027104378 -0.126657098532 -0.09480468183760001 
0.648759901524 -0.14985665679 -0.0811689719558 
0.631124317646 -0.176540121436 -0.0294001437724 
0.55390304327 -0.130644410849 -0.113692246377 
0.630806028843 -0.113392874599 -0.113322809339 
0.631124317646 -0.176540121436 -0.0294001437724 
0.629074394703 -0.07252897322180001 -0.0157477278262 
0.600047886372 -0.127866089344 -0.00525268027559 
0.696953594685 -0.167505294085 0.00167362205684 
0.631124317646 -0.176540121436 -0.0294001437724 
0.684751331806 -0.189748927951 -0.0302790440619 
0.696953594685 -0.167505294085 0.00167362205684 
0.701290726662 -0.109322920442 0.0102269118652 
0.631124317646 -0.176540121436 -0.0294001437724 
0.693193256855 -0.0440988242626 -0.027908353135 
0.629074394703 -0.07252897322180001 -0.0157477278262 
0.701290726662 -0.109322920442 0.0102269118652 
0.630806028843 -0.113392874599 -0.113322809339 
0.629074394703 -0.07252897322180001 -0.0157477278262 
0.672701179981 -0.0560047142208 -0.0867400318384 
0.629074394703 -0.07252897322180001 -0.0157477278262 
0.630806028843 -0.113392874599 -0.113322809339 
0.552088022232 -0.06897102296349999 -0.039616394788 
0.693193256855 -0.0440988242626 -0.027908353135 
0.7011494040489999 -0.0808953866363 -0.0337097011507 
0.705910146236 -0.0499693490565 -0.0503898598254 
0.690323114395 0.0616999790072 -0.0184638798237 
0.689800560474 0.0467387288809 -0.0538002289832 
0.693150401115 0.142663002014 0.00315488013439 
0.68860077858 0.184302598238 -0.0296918600798 
0.689800560474 0.0467387288809 -0.0538002289832 
0.666227042675 0.175329402089 -0.0752137005329 
0.499814897776 -0.07155922055239999 -0.240877091885 
0.490413278341 0.06755699217320001 -0.248924806714 
0.5290979743000001 -0.0511099286377 -0.203661099076 
0.473925501108 0.0439597964287 -0.271709173918 
0.490413278341 0.06755699217320001 -0.248924806714 
0.475606501102 -0.0398397892714 -0.273983597755 
3 85 100 339 
3 93 95 117 
3 90 84 85 
3 84 90 106 
3 15 3 6 
3 128 120 127 
3 120 84 127 
3 15 32 17 
3 32 15 6 
3 95 110 117 
3 596 110 124 
3 110 596 392 
3 741 95 93 
3 89 741 339 
3 88 741 89 
3 741 88 95 
3 741 85 339 
3 105 106 127 
3 84 105 127 
3 105 84 106 
3 99 100 85 
3 84 99 85 
3 120 99 84 
3 90 114 106 
3 106 114 127 
3 94 93 117 
3 114 94 117 
3 94 114 90 
3 13 89 339 
3 122 15 17 
3 120 122 17 
3 122 120 128 
3 123 359 138 
3 310 128 127 
3 364 310 481 
3 12 32 6 
3 12 13 339 
3 359 361 357 
3 361 359 123 
3 467 114 117 
3 114 467 127 
3 467 310 127 
3 123 140 124 
3 140 596 124 
3 140 123 138 
3 596 577 392 
3 467 577 481 
3 577 467 392 
3 359 577 138 
3 110 297 117 
3 297 110 392 
3 297 467 117 
3 762 110 95 
3 88 762 95 
3 110 762 124 
3 762 88 124 
3 99 703 100 
3 703 99 120 
3 703 120 17 
3 32 703 17 
3 703 32 100 
3 94 92 93 
3 741 92 85 
3 92 741 93 
3 92 90 85 
3 92 94 90 
3 12 662 13 
3 3 662 6 
3 662 12 6 
3 367 122 128 
3 129 367 357 
3 367 129 15 
3 122 367 15 
3 857 364 481 
3 857 367 364 
3 857 359 357 
3 367 857 357 
3 32 975 100 
3 12 975 32 
3 100 975 339 
3 975 12 339 
3 361 801 357 
3 801 361 3 
3 15 801 3 
3 801 129 357 
3 129 801 15 
3 361 352 3 
3 352 361 123 
3 352 662 3 
3 310 496 481 
3 496 467 481 
3 467 496 310 
3 140 591 596 
3 591 577 596 
3 591 140 138 
3 577 591 138 
3 467 452 392 
3 452 297 392 
3 297 452 467 
3 103 123 124 
3 88 103 124 
3 103 352 123 
3 352 103 662 
3 662 103 13 
3 103 88 89 
3 13 103 89 
3 366 367 128 
3 367 366 364 
3 310 366 128 
3 366 310 364 
3 577 516 481 
3 572 577 359 
3 857 572 359 
3 554 572 857 
3 554 857 481 
3 516 554 481 
3 554 516 577 
3 572 554 577 
Vertices and facets:
- p100(v13): 0.001  0.14  0.16
- p85(v5): 0.0011   0.2 -0.078
- p339(v0): 0.00097 -0.12  0.18
- p95(v17):  0.23 -0.19 -0.24
- p93(v9): 0.0012 -0.059  -0.2
- p117(v3):  0.35 -0.017 -0.32
- p90(v19):  0.23   0.2 -0.22
- p84(v18):  0.27  0.29 -0.079
- p106(v10):   0.4  0.26 -0.18
- p15(v22):  0.65  0.17   0.3
- p3(v21):  0.66 -0.16   0.3
- p6(v11):  0.44 -0.047  0.31
- p120(v23):  0.62  0.34  0.15
- p128(v12):  0.75   0.3  0.17
- p127(v2):  0.66  0.34 0.033
- p32(v25): 0.066 0.092  0.23
- p17(v6):  0.57  0.25  0.27
- p110(v29):  0.41  -0.2 -0.24
- p596(v28):  0.67 -0.18 -0.076
- p124(v7):  0.66 -0.34 0.033
- p392(v15):  0.51 -0.069 -0.27
- p741(v31): 0.0012 -0.18 -0.11
- p89(v16): 0.0012 -0.21  0.02
- p88(v30):  0.27 -0.29 -0.079
- p105(v32):  0.45  0.29 -0.087
- p99(v33): 0.0012   0.2 0.047
- p114(v34):  0.41  0.15 -0.27
- p94(v35):  0.19 0.065 -0.28
- p13(v37):   0.2 -0.22  0.17
- p122(v39):  0.68  0.24  0.26
- p359(v40):  0.82 -0.074  0.12
- p123(v26):  0.79 -0.27  0.17
- p138(v14):   0.8 -0.14 0.097
- p310(v41):  0.74   0.3 0.059
- p364(v24):   0.8  0.24  0.11
- p481(v8):  0.67  0.13  -0.1
- p12(v42): 0.048 -0.074  0.23
- p361(v43):  0.82 -0.19  0.21
- p357(v1):  0.85 -0.032  0.24
- p467(v44):  0.51 0.069 -0.27
- p140(v45):  0.74  -0.3 0.059
- p577(v46):  0.66 -0.12 -0.11
- p297(v47):  0.43 -0.035 -0.31
- p762(v48):  0.42 -0.29 -0.11
- p703(v49):  0.21  0.22  0.18
- p92(v50): 0.0012 0.097 -0.19
- p662(v51):  0.55 -0.28  0.25
- p367(v52):  0.84  0.13  0.22
- p129(v38):  0.81  0.12  0.24
- p857(v53):  0.82 0.077   0.1
- p975(v54): 0.0011 0.039  0.21
- p801(v55):  0.81 -0.074  0.26
- p352(v56):  0.68 -0.26  0.25
- p496(v57):  0.68  0.18 -0.064
- p591(v58):  0.71 -0.19 -0.028
- p452(v59):  0.46 0.0014 -0.29
- p103(v60):  0.62 -0.34  0.15
- p366(v61):   0.8  0.26  0.16
- p516(v62):  0.68 0.066 -0.093
- p572(v63):  0.71 -0.05 -0.05
- p554(v64):  0.71 0.047 -0.049
- f35
    - flags: bottom simplicial
    - normal:        -1 0.0002688 -4.338e-05
    - offset: 0.001011449
    - vertices: p100(v13) p85(v5) p339(v0)
    - neighboring facets: f121 f240 f126
- f51
    - flags: bottom simplicial
    - normal:   -0.2922  -0.2248  -0.9296
    - offset: -0.1987262
    - vertices: p95(v17) p93(v9) p117(v3)
    - neighboring facets: f137 f109 f117
- f64
    - flags: top simplicial
    - normal:   -0.2908   0.8585  -0.4223
    - offset: -0.2013939
    - vertices: p90(v19) p84(v18) p85(v5)
    - neighboring facets: f127 f216 f65
- f65
    - flags: bottom simplicial
    - normal:   -0.1604   0.8699  -0.4664
    - offset: -0.2436102
    - vertices: p90(v19) p84(v18) p106(v10)
    - neighboring facets: f125 f131 f64
- f78
    - flags: top simplicial
    - normal:    0.0408  0.00934   0.9991
    - offset: -0.3291768
    - vertices: p15(v22) p3(v21) p6(v11)
    - neighboring facets: f221 f93 f244
- f79
    - flags: bottom simplicial
    - normal:    0.2479   0.9615   0.1183
    - offset: -0.4951371
    - vertices: p120(v23) p128(v12) p127(v2)
    - neighboring facets: f168 f81 f159
- f81
    - flags: top simplicial
    - normal:     -0.13   0.9915 -0.01134
    - offset: -0.2508723
    - vertices: p120(v23) p84(v18) p127(v2)
    - neighboring facets: f124 f79 f129
- f92
    - flags: bottom simplicial
    - normal:    -0.153   0.2362   0.9596
    - offset: -0.2298641
    - vertices: p32(v25) p15(v22) p17(v6)
    - neighboring facets: f157 f211 f93
- f93
    - flags: top simplicial
    - normal:   -0.1478   0.1869   0.9712
    - offset: -0.2283106
    - vertices: p32(v25) p15(v22) p6(v11)
    - neighboring facets: f78 f173 f92
- f109
    - flags: bottom simplicial
    - normal:  -0.05598  -0.3913  -0.9186
    - offset: -0.2811579
    - vertices: p110(v29) p95(v17) p117(v3)
    - neighboring facets: f51 f200 f204
- f111
    - flags: bottom simplicial
    - normal:    0.4869  -0.5157   -0.705
    - offset: -0.4747351
    - vertices: p110(v29) p596(v28) p124(v7)
    - neighboring facets: f190 f206 f112
- f112
    - flags: top simplicial
    - normal:    0.4918  -0.4967  -0.7151
    - offset: -0.4753086
    - vertices: p110(v29) p596(v28) p392(v15)
    - neighboring facets: f193 f201 f111
- f117
    - flags: top simplicial
    - normal:    -0.436  -0.5396  -0.7202
    - offset: -0.1752832
    - vertices: p741(v31) p95(v17) p93(v9)
    - neighboring facets: f51 f215 f120
- f118
    - flags: bottom simplicial
    - normal:        -1 -0.001326 -0.0004628
    - offset: 0.0008877105
    - vertices: p741(v31) p89(v16) p339(v0)
    - neighboring facets: f150 f121 f119
- f119
    - flags: bottom simplicial
    - normal:   -0.3424  -0.9089   -0.238
    - offset: -0.1869036
    - vertices: p741(v31) p88(v30) p89(v16)
    - neighboring facets: f266 f118 f120
- f120
    - flags: top simplicial
    - normal:   -0.2935  -0.8486  -0.4401
    - offset: -0.1988484
    - vertices: p741(v31) p88(v30) p95(v17)
    - neighboring facets: f205 f117 f119
- f121
    - flags: top simplicial
    - normal:        -1 -0.0002258 -0.0006613
    - offset:  0.0010601
    - vertices: p741(v31) p85(v5) p339(v0)
    - neighboring facets: f35 f118 f214
- f123
    - flags: top simplicial
    - normal:   0.01448   0.9256  -0.3783
    - offset: -0.3121893
    - vertices: p105(v32) p106(v10) p127(v2)
    - neighboring facets: f135 f124 f125
- f124
    - flags: bottom simplicial
    - normal:   -0.0505   0.9602  -0.2748
    - offset: -0.2843006
    - vertices: p105(v32) p84(v18) p127(v2)
    - neighboring facets: f81 f123 f125
- f125
    - flags: top simplicial
    - normal:  -0.05313   0.9349  -0.3509
    - offset: -0.2823288
    - vertices: p105(v32) p84(v18) p106(v10)
    - neighboring facets: f65 f123 f124
- f126
    - flags: top simplicial
    - normal:        -1 0.002601 0.0005102
    - offset: 0.00059699
    - vertices: p99(v33) p100(v13) p85(v5)
    - neighboring facets: f35 f127 f208
- f127
    - flags: bottom simplicial
    - normal:   -0.3194   0.9458 -0.05803
    - offset: -0.1899344
    - vertices: p99(v33) p84(v18) p85(v5)
    - neighboring facets: f64 f126 f129
- f129
    - flags: bottom simplicial
    - normal:   -0.2303   0.9623   0.1444
    - offset: -0.2029174
    - vertices: p99(v33) p120(v23) p84(v18)
    - neighboring facets: f81 f127 f209
- f131
    - flags: bottom simplicial
    - normal:  -0.03113   0.6581  -0.7523
    - offset: -0.2937524
    - vertices: p114(v34) p90(v19) p106(v10)
    - neighboring facets: f65 f135 f139
- f135
    - flags: bottom simplicial
    - normal:    0.3612   0.6356  -0.6823
    - offset: -0.4332554
    - vertices: p114(v34) p106(v10) p127(v2)
    - neighboring facets: f123 f187 f131
- f137
    - flags: top simplicial
    - normal:   -0.3003  -0.1783   -0.937
    - offset: -0.1974613
    - vertices: p94(v35) p93(v9) p117(v3)
    - neighboring facets: f51 f138 f213
- f138
    - flags: bottom simplicial
    - normal:  -0.07153    0.289  -0.9547
    - offset: -0.2757622
    - vertices: p94(v35) p114(v34) p117(v3)
    - neighboring facets: f185 f137 f139
- f139
    - flags: top simplicial
    - normal:   -0.1314   0.4359  -0.8903
    - offset: -0.2559782
    - vertices: p94(v35) p114(v34) p90(v19)
    - neighboring facets: f131 f217 f138
- f150
    - flags: top simplicial
    - normal:   -0.3843  -0.8107   0.4418
    - offset: -0.1793915
    - vertices: p13(v37) p89(v16) p339(v0)
    - neighboring facets: f118 f174 f267
- f157
    - flags: top simplicial
    - normal:    0.1144   0.4633   0.8788
    - offset: -0.4183435
    - vertices: p122(v39) p15(v22) p17(v6)
    - neighboring facets: f92 f158 f229
- f158
    - flags: bottom simplicial
    - normal:    0.1135   0.7782   0.6177
    - offset: -0.4272905
    - vertices: p122(v39) p120(v23) p17(v6)
    - neighboring facets: f210 f157 f159
- f159
    - flags: top simplicial
    - normal:    0.1412    0.783   0.6058
    - offset: -0.4442561
    - vertices: p122(v39) p120(v23) p128(v12)
    - neighboring facets: f79 f226 f158
- f164
    - flags: bottom simplicial
    - normal:    0.9297  -0.2186  -0.2965
    - offset: -0.7431105
    - vertices: p359(v40) p123(v26) p138(v14)
    - neighboring facets: f191 f197 f182
- f168
    - flags: top simplicial
    - normal:    0.5057    0.859 -0.07998
    - offset:  -0.624526
    - vertices: p310(v41) p128(v12) p127(v2)
    - neighboring facets: f79 f188 f270
- f171
    - flags: bottom simplicial
    - normal:    0.7695   0.2544  -0.5858
    - offset: -0.6076268
    - vertices: p310(v41) p364(v24) p481(v8)
    - neighboring facets: f232 f251 f271
- f173
    - flags: top simplicial
    - normal:   -0.1985  0.05308   0.9787
    - offset:  -0.214348
    - vertices: p12(v42) p32(v25) p6(v11)
    - neighboring facets: f93 f222 f239
- f174
    - flags: top simplicial
    - normal:   -0.2657  -0.5797   0.7703
    - offset: -0.2093485
    - vertices: p12(v42) p13(v37) p339(v0)
    - neighboring facets: f150 f241 f219
- f181
    - flags: bottom simplicial
    - normal:    0.9737   -0.154  -0.1679
    - offset: -0.7903555
    - vertices: p361(v43) p359(v40) p357(v1)
    - neighboring facets: f236 f242 f182
- f182
    - flags: top simplicial
    - normal:    0.9476  -0.2099  -0.2407
    - offset:  -0.764102
    - vertices: p361(v43) p359(v40) p123(v26)
    - neighboring facets: f164 f248 f181
- f185
    - flags: top simplicial
    - normal:    0.2238   0.1837  -0.9572
    - offset: -0.3823175
    - vertices: p467(v44) p114(v34) p117(v3)
    - neighboring facets: f138 f202 f187
- f187
    - flags: bottom simplicial
    - normal:    0.4892   0.5083  -0.7087
    - offset: -0.4738434
    - vertices: p467(v44) p114(v34) p127(v2)
    - neighboring facets: f135 f188 f185
- f188
    - flags: top simplicial
    - normal:    0.5229   0.4827  -0.7026
    - offset: -0.4876332
    - vertices: p467(v44) p310(v41) p127(v2)
    - neighboring facets: f168 f187 f253
- f189
    - flags: bottom simplicial
    - normal:    0.4932  -0.8694 -0.02979
    - offset: -0.6210729
    - vertices: p140(v45) p123(v26) p124(v7)
    - neighboring facets: f261 f190 f191
- f190
    - flags: top simplicial
    - normal:    0.5277  -0.5036   -0.684
    - offset: -0.4983383
    - vertices: p140(v45) p596(v28) p124(v7)
    - neighboring facets: f111 f189 f254
- f191
    - flags: top simplicial
    - normal:    0.8907  -0.2566  -0.3751
    - offset: -0.7098429
    - vertices: p140(v45) p123(v26) p138(v14)
    - neighboring facets: f164 f256 f189
- f193
    - flags: bottom simplicial
    - normal:    0.6337  -0.2953   -0.715
    - offset: -0.5336496
    - vertices: p577(v46) p596(v28) p392(v15)
    - neighboring facets: f112 f195 f255
- f194
    - flags: bottom simplicial
    - normal:    0.7223 0.002186  -0.6916
    - offset: -0.5535607
    - vertices: p577(v46) p467(v44) p481(v8)
    - neighboring facets: f252 f272 f195
- f195
    - flags: top simplicial
    - normal:    0.7158 -0.00873  -0.6983
    - offset: -0.5512607
    - vertices: p577(v46) p467(v44) p392(v15)
    - neighboring facets: f258 f193 f194
- f197
    - flags: bottom simplicial
    - normal:    0.8318 -0.08277  -0.5489
    - offset: -0.6215412
    - vertices: p577(v46) p359(v40) p138(v14)
    - neighboring facets: f164 f257 f275
- f200
    - flags: bottom simplicial
    - normal:     0.103   -0.351  -0.9307
    - offset: -0.3403137
    - vertices: p297(v47) p110(v29) p117(v3)
    - neighboring facets: f109 f202 f201
- f201
    - flags: top simplicial
    - normal:    0.2676  -0.3578  -0.8946
    - offset: -0.3996965
    - vertices: p297(v47) p110(v29) p392(v15)
    - neighboring facets: f112 f259 f200
- f202
    - flags: top simplicial
    - normal:    0.2365   0.1608  -0.9582
    - offset:    -0.3875
    - vertices: p297(v47) p467(v44) p117(v3)
    - neighboring facets: f185 f200 f260
- f204
    - flags: top simplicial
    - normal:  -0.08833  -0.8511  -0.5175
    - offset: -0.2644718
    - vertices: p762(v48) p110(v29) p95(v17)
    - neighboring facets: f109 f205 f206
- f205
    - flags: bottom simplicial
    - normal:   -0.1043  -0.8599  -0.4997
    - offset: -0.2582211
    - vertices: p762(v48) p88(v30) p95(v17)
    - neighboring facets: f120 f204 f207
- f206
    - flags: bottom simplicial
    - normal:    0.1356  -0.8344  -0.5343
    - offset: -0.3559278
    - vertices: p762(v48) p110(v29) p124(v7)
    - neighboring facets: f111 f207 f204
- f207
    - flags: top simplicial
    - normal:  -0.05123  -0.9608  -0.2725
    - offset: -0.2836873
    - vertices: p762(v48) p88(v30) p124(v7)
    - neighboring facets: f262 f206 f205
- f208
    - flags: bottom simplicial
    - normal:   -0.3488   0.8143   0.4639
    - offset: -0.1875807
    - vertices: p703(v49) p99(v33) p100(v13)
    - neighboring facets: f126 f212 f209
- f209
    - flags: top simplicial
    - normal:   -0.2481   0.9224   0.2959
    - offset:  -0.201871
    - vertices: p703(v49) p99(v33) p120(v23)
    - neighboring facets: f129 f210 f208
- f210
    - flags: top simplicial
    - normal:   -0.2064   0.8297   0.5186
    - offset: -0.2309843
    - vertices: p703(v49) p120(v23) p17(v6)
    - neighboring facets: f158 f211 f209
- f211
    - flags: bottom simplicial
    - normal:    -0.245   0.5703   0.7841
    - offset:  -0.214601
    - vertices: p703(v49) p32(v25) p17(v6)
    - neighboring facets: f92 f210 f212
- f212
    - flags: top simplicial
    - normal:   -0.3033   0.6167   0.7264
    - offset: -0.2019101
    - vertices: p703(v49) p32(v25) p100(v13)
    - neighboring facets: f238 f208 f211
- f213
    - flags: bottom simplicial
    - normal:   -0.4515  0.07942  -0.8887
    - offset:  -0.172408
    - vertices: p92(v50) p94(v35) p93(v9)
    - neighboring facets: f137 f215 f217
- f214
    - flags: bottom simplicial
    - normal:        -1 -0.0002002 -0.0009486
    - offset: 0.001032553
    - vertices: p92(v50) p741(v31) p85(v5)
    - neighboring facets: f121 f216 f215
- f215
    - flags: top simplicial
    - normal:        -1 -0.0002273 -0.001048
    - offset: 0.001016695
    - vertices: p92(v50) p741(v31) p93(v9)
    - neighboring facets: f117 f213 f214
- f216
    - flags: top simplicial
    - normal:   -0.4088   0.6688   -0.621
    - offset:   -0.17959
    - vertices: p92(v50) p90(v19) p85(v5)
    - neighboring facets: f64 f214 f217
- f217
    - flags: top simplicial
    - normal:   -0.3459   0.4697  -0.8122
    - offset: -0.1960025
    - vertices: p92(v50) p94(v35) p90(v19)
    - neighboring facets: f139 f216 f213
- f219
    - flags: bottom simplicial
    - normal:   -0.2529  -0.5705   0.7814
    - offset: -0.2118653
    - vertices: p662(v51) p12(v42) p13(v37)
    - neighboring facets: f174 f265 f222
- f221
    - flags: bottom simplicial
    - normal:   -0.1315  -0.3231   0.9372
    - offset: -0.2488835
    - vertices: p662(v51) p3(v21) p6(v11)
    - neighboring facets: f78 f222 f249
- f222
    - flags: top simplicial
    - normal:   -0.1621  -0.3349   0.9282
    - offset: -0.2330014
    - vertices: p662(v51) p12(v42) p6(v11)
    - neighboring facets: f173 f221 f219
- f226
    - flags: top simplicial
    - normal:    0.5008   0.4894   0.7139
    - offset: -0.6449731
    - vertices: p367(v52) p122(v39) p128(v12)
    - neighboring facets: f159 f268 f229
- f227
    - flags: bottom simplicial
    - normal:    0.5319    0.111   0.8395
    - offset: -0.6483596
    - vertices: p367(v52) p129(v38) p357(v1)
    - neighboring facets: f245 f237 f228
- f228
    - flags: top simplicial
    - normal:    0.4168   0.3047   0.8564
    - offset: -0.5813225
    - vertices: p367(v52) p129(v38) p15(v22)
    - neighboring facets: f246 f229 f227
- f229
    - flags: bottom simplicial
    - normal:    0.4175   0.3254   0.8484
    - offset: -0.5829033
    - vertices: p367(v52) p122(v39) p15(v22)
    - neighboring facets: f157 f228 f226
- f232
    - flags: top simplicial
    - normal:    0.8239   0.1271  -0.5523
    - offset: -0.6237726
    - vertices: p857(v53) p364(v24) p481(v8)
    - neighboring facets: f171 f280 f235
- f235
    - flags: top simplicial
    - normal:     0.956   0.1284  -0.2639
    - offset: -0.7616379
    - vertices: p857(v53) p367(v52) p364(v24)
    - neighboring facets: f269 f232 f237
- f236
    - flags: top simplicial
    - normal:    0.9739  0.01091  -0.2268
    - offset: -0.7710542
    - vertices: p857(v53) p359(v40) p357(v1)
    - neighboring facets: f181 f237 f276
- f237
    - flags: bottom simplicial
    - normal:    0.9758  0.02309  -0.2174
    - offset: -0.7745547
    - vertices: p857(v53) p367(v52) p357(v1)
    - neighboring facets: f227 f236 f235
- f238
    - flags: bottom simplicial
    - normal:   -0.5191   0.3795   0.7658
    - offset: -0.1748038
    - vertices: p975(v54) p32(v25) p100(v13)
    - neighboring facets: f212 f240 f239
- f239
    - flags: bottom simplicial
    - normal:   -0.3108   0.0643   0.9483
    - offset: -0.2010614
    - vertices: p975(v54) p12(v42) p32(v25)
    - neighboring facets: f173 f238 f241
- f240
    - flags: bottom simplicial
    - normal:        -1 0.0003386 0.0009419
    - offset: 0.0008443674
    - vertices: p975(v54) p100(v13) p339(v0)
    - neighboring facets: f35 f241 f238
- f241
    - flags: top simplicial
    - normal:    -0.682  -0.1375   0.7183
    - offset: -0.1445996
    - vertices: p975(v54) p12(v42) p339(v0)
    - neighboring facets: f174 f240 f239
- f242
    - flags: bottom simplicial
    - normal:    0.6705  -0.2465   0.6997
    - offset: -0.7439816
    - vertices: p801(v55) p361(v43) p357(v1)
    - neighboring facets: f181 f245 f243
- f243
    - flags: top simplicial
    - normal:    0.4188  -0.3168   0.8511
    - offset: -0.5833241
    - vertices: p801(v55) p361(v43) p3(v21)
    - neighboring facets: f247 f244 f242
- f244
    - flags: bottom simplicial
    - normal:    0.2794  0.01362   0.9601
    - offset:  -0.473419
    - vertices: p801(v55) p15(v22) p3(v21)
    - neighboring facets: f78 f243 f246
- f245
    - flags: top simplicial
    - normal:    0.3876  0.07838   0.9185
    - offset: -0.5459541
    - vertices: p801(v55) p129(v38) p357(v1)
    - neighboring facets: f227 f242 f246
- f246
    - flags: bottom simplicial
    - normal:    0.3689  0.07916   0.9261
    - offset: -0.5326367
    - vertices: p801(v55) p129(v38) p15(v22)
    - neighboring facets: f228 f244 f245
- f247
    - flags: bottom simplicial
    - normal:    0.4045  -0.3589   0.8412
    - offset: -0.5775219
    - vertices: p352(v56) p361(v43) p3(v21)
    - neighboring facets: f243 f249 f248
- f248
    - flags: top simplicial
    - normal:    0.4632   -0.556   0.6901
    - offset: -0.6306873
    - vertices: p352(v56) p361(v43) p123(v26)
    - neighboring facets: f182 f263 f247
- f249
    - flags: top simplicial
    - normal:   0.06398  -0.4665   0.8822
    - offset: -0.3829451
    - vertices: p352(v56) p662(v51) p3(v21)
    - neighboring facets: f221 f247 f264
- f251
    - flags: bottom simplicial
    - normal:    0.6497   0.3751  -0.6612
    - offset: -0.5511565
    - vertices: p496(v57) p310(v41) p481(v8)
    - neighboring facets: f171 f252 f253
- f252
    - flags: top simplicial
    - normal:    0.5681   0.4232  -0.7058
    - offset: -0.5074989
    - vertices: p496(v57) p467(v44) p481(v8)
    - neighboring facets: f194 f251 f253
- f253
    - flags: bottom simplicial
    - normal:    0.5236    0.482  -0.7025
    - offset:  -0.487947
    - vertices: p496(v57) p467(v44) p310(v41)
    - neighboring facets: f188 f251 f252
- f254
    - flags: bottom simplicial
    - normal:    0.7699  -0.2539  -0.5855
    - offset: -0.6076984
    - vertices: p591(v58) p140(v45) p596(v28)
    - neighboring facets: f190 f255 f256
- f255
    - flags: top simplicial
    - normal:     0.778   -0.216  -0.5899
    - offset: -0.6065377
    - vertices: p591(v58) p577(v46) p596(v28)
    - neighboring facets: f193 f254 f257
- f256
    - flags: top simplicial
    - normal:    0.8263  -0.1954  -0.5283
    - offset: -0.6350314
    - vertices: p591(v58) p140(v45) p138(v14)
    - neighboring facets: f191 f257 f254
- f257
    - flags: bottom simplicial
    - normal:    0.8249  -0.1341  -0.5491
    - offset: -0.6233061
    - vertices: p591(v58) p577(v46) p138(v14)
    - neighboring facets: f197 f256 f255
- f258
    - flags: bottom simplicial
    - normal:    0.4235 -0.00394  -0.9059
    - offset: -0.4577465
    - vertices: p452(v59) p467(v44) p392(v15)
    - neighboring facets: f195 f259 f260
- f259
    - flags: top simplicial
    - normal:    0.4141 -0.01131  -0.9102
    - offset:  -0.454584
    - vertices: p452(v59) p297(v47) p392(v15)
    - neighboring facets: f201 f258 f260
- f260
    - flags: bottom simplicial
    - normal:    0.3748  0.03654  -0.9264
    - offset: -0.4411085
    - vertices: p452(v59) p297(v47) p467(v44)
    - neighboring facets: f202 f258 f259
- f261
    - flags: top simplicial
    - normal:    0.3374  -0.9296   0.1481
    - offset: -0.5441403
    - vertices: p103(v60) p123(v26) p124(v7)
    - neighboring facets: f189 f262 f263
- f262
    - flags: bottom simplicial
    - normal:     -0.13  -0.9915 -0.01133
    - offset: -0.2504492
    - vertices: p103(v60) p88(v30) p124(v7)
    - neighboring facets: f207 f261 f266
- f263
    - flags: top simplicial
    - normal:    0.2739  -0.8198   0.5029
    - offset: -0.5226579
    - vertices: p103(v60) p352(v56) p123(v26)
    - neighboring facets: f248 f261 f264
- f264
    - flags: bottom simplicial
    - normal:    0.1184  -0.7995   0.5889
    - offset: -0.4327236
    - vertices: p103(v60) p352(v56) p662(v51)
    - neighboring facets: f249 f265 f263
- f265
    - flags: bottom simplicial
    - normal:   -0.2216  -0.8904   0.3976
    - offset: -0.2228362
    - vertices: p103(v60) p662(v51) p13(v37)
    - neighboring facets: f219 f267 f264
- f266
    - flags: top simplicial
    - normal:   -0.2232  -0.9656   0.1331
    - offset: -0.2062781
    - vertices: p103(v60) p88(v30) p89(v16)
    - neighboring facets: f119 f267 f262
- f267
    - flags: bottom simplicial
    - normal:   -0.2421  -0.9389   0.2445
    - offset:  -0.202793
    - vertices: p103(v60) p13(v37) p89(v16)
    - neighboring facets: f150 f266 f265
- f268
    - flags: top simplicial
    - normal:    0.6239    0.515   0.5877
    - offset: -0.7238006
    - vertices: p366(v61) p367(v52) p128(v12)
    - neighboring facets: f226 f270 f269
- f269
    - flags: bottom simplicial
    - normal:    0.9555   0.2669  -0.1259
    - offset: -0.8104551
    - vertices: p366(v61) p367(v52) p364(v24)
    - neighboring facets: f235 f271 f268
- f270
    - flags: bottom simplicial
    - normal:    0.6598   0.7445   -0.102
    - offset: -0.7023069
    - vertices: p366(v61) p310(v41) p128(v12)
    - neighboring facets: f168 f268 f271
- f271
    - flags: top simplicial
    - normal:    0.7723   0.5908  -0.2336
    - offset: -0.7312295
    - vertices: p366(v61) p310(v41) p364(v24)
    - neighboring facets: f171 f269 f270
- f272
    - flags: bottom simplicial
    - normal:    0.7555 0.001055  -0.6552
    - offset: -0.5718746
    - vertices: p516(v62) p577(v46) p481(v8)
    - neighboring facets: f194 f281 f282
- f275
    - flags: top simplicial
    - normal:    0.8298 -0.03981  -0.5567
    - offset: -0.6157738
    - vertices: p572(v63) p577(v46) p359(v40)
    - neighboring facets: f197 f276 f283
- f276
    - flags: bottom simplicial
    - normal:    0.8301 -0.03588  -0.5564
    - offset:  -0.615827
    - vertices: p572(v63) p857(v53) p359(v40)
    - neighboring facets: f236 f275 f279
- f279
    - flags: top simplicial
    - normal:    0.8296 -0.03422  -0.5574
    - offset: -0.6153876
    - vertices: p554(v64) p572(v63) p857(v53)
    - neighboring facets: f276 f280 f283
- f280
    - flags: top simplicial
    - normal:    0.8205  0.05526  -0.5689
    - offset: -0.6137157
    - vertices: p554(v64) p857(v53) p481(v8)
    - neighboring facets: f232 f281 f279
- f281
    - flags: bottom simplicial
    - normal:    0.7881  0.01066  -0.6155
    - offset: -0.5908968
    - vertices: p554(v64) p516(v62) p481(v8)
    - neighboring facets: f272 f280 f282
- f282
    - flags: top simplicial
    - normal:    0.7851 -0.003441  -0.6194
    - offset: -0.5883043
    - vertices: p554(v64) p516(v62) p577(v46)
    - neighboring facets: f272 f283 f281
- f283
    - flags: bottom simplicial
    - normal:    0.8265 -0.03403  -0.5618
    - offset: -0.6134806
    - vertices: p554(v64) p572(v63) p577(v46)
    - neighboring facets: f275 f282 f279
